# ID          Name                  Mass(GeV)      Width(GeV)      Degeneracy      B      S      C      b      I        Q      Decays
22            gamma                 0.00000        0.000000        2               0      0      0      0      1.0      0      1
-211          pi-                   0.13800        7.7e-9          1               0      0      0      0      1.0     -1      1
111           pi0                   0.13800        7.7e-9          1               0      0      0      0      1.0      0      1
211           pi+                   0.13800        7.7e-9          1               0      0      0      0      1.0      1      1
-311          Anti-K0               0.49400        0.000000        1               0     -1      0      0      0.5      0      1
-321          Anti-K+               0.49400        0.000000        1               0     -1      0      0      0.5     -1      1
311           K0                    0.49400        0.000000        1               0      1      0      0      0.5      0      1
321           K+                    0.49400        0.000000        1               0      1      0      0      0.5      1      1
221           eta                   0.54800        1.31e-06        1               0      0      0      0      0.0      0      5
-213          rho-                  0.77600        0.148000        3               0      0      0      0      1.0     -1      1
113           rho0                  0.77600        0.148000        3               0      0      0      0      1.0      0      1
213           rho+                  0.77600        0.148000        3               0      0      0      0      1.0      1      1
223           omega(782)            0.78300        0.008680        3               0      0      0      0      0.0      0      4
9000221       sigma                 0.80000        0.400000        1               0      0      0      0      0.0      0      2
-313          Anti-K*(892)0         0.89200        0.050000        3               0     -1      0      0      0.5      0      2
-323          Anti-K*(892)+         0.89200        0.050000        3               0     -1      0      0      0.5     -1      2
313           K*(892)0              0.89200        0.050000        3               0      1      0      0      0.5      0      2
323           K*(892)+              0.89200        0.050000        3               0      1      0      0      0.5      1      2
-2112         Anti-N0               0.93800        0.000000        2              -1      0      0      0      0.5      0      1
-2212         Anti-N+               0.93800        0.000000        2              -1      0      0      0      0.5     -1      1
2112          N0                    0.93800        0.000000        2               1      0      0      0      0.5      0      1
2212          N+                    0.93800        0.000000        2               1      0      0      0      0.5      1      1
331           eta'(958)             0.95800        0.000188        1               0      0      0      0      0.0      0      7
-9000211      a0(980)-              0.98900        0.075000        1               0      0      0      0      1.0     -1      2
9000111       a0(980)0              0.98900        0.075000        1               0      0      0      0      1.0      0      3
9000211       a0(980)+              0.98900        0.075000        1               0      0      0      0      1.0      1      2
9010221       f0(980)               0.99000        0.055000        1               0      0      0      0      0.0      0      4
333           phi(1020)             1.01950        0.004250        3               0      0      0      0      0.0      0      7
-3122         Anti-Lambda           1.11570        0.000000        2              -1      1      0      0      0.0      0      1
3122          Lambda                1.11570        0.000000        2               1     -1      0      0      0.0      0      1
10223         h1(1170)              1.16600        0.375000        3               0      0      0      0      0.0      0      3
-3112         Anti-Sigma-           1.18940        0.000000        2              -1      1      0      0      1.0      1      1
-3212         Anti-Sigma0           1.18940        8.9e-06         2              -1      1      0      0      1.0      0      1
-3222         Anti-Sigma+           1.18940        0.000000        2              -1      1      0      0      1.0     -1      1
3112          Sigma-                1.18940        0.000000        2               1     -1      0      0      1.0     -1      1
3212          Sigma0                1.18940        8.9e-06         2               1     -1      0      0      1.0      0      1
3222          Sigma+                1.18940        0.000000        2               1     -1      0      0      1.0      1      1
-10213        b1(1235)-             1.22950        0.142000        3               0      0      0      0      1.0     -1      2
10113         b1(1235)0             1.22950        0.142000        3               0      0      0      0      1.0      0      2
10213         b1(1235)+             1.22950        0.142000        3               0      0      0      0      1.0      1      2
-20213        a1(1260)-             1.23000        0.425000        3               0      0      0      0      1.0     -1      2
20113         a1(1260)0             1.23000        0.425000        3               0      0      0      0      1.0      0      1
20213         a1(1260)+             1.23000        0.425000        3               0      0      0      0      1.0      1      2
-1114         Anti-Delta(1232)-     1.23200        0.117000        4              -1      0      0      0      1.5      1      1
-2114         Anti-Delta(1232)0     1.23200        0.117000        4              -1      0      0      0      1.5      0      2
-2214         Anti-Delta(1232)+     1.23200        0.117000        4              -1      0      0      0      1.5     -1      2
-2224         Anti-Delta(1232)++    1.23200        0.117000        4              -1      0      0      0      1.5     -2      1
1114          Delta(1232)-          1.23200        0.117000        4               1      0      0      0      1.5     -1      1
2114          Delta(1232)0          1.23200        0.117000        4               1      0      0      0      1.5      0      2
2214          Delta(1232)+          1.23200        0.117000        4               1      0      0      0      1.5      1      2
2224          Delta(1232)++         1.23200        0.117000        4               1      0      0      0      1.5      2      1
-10313        Anti-K1(1270)0        1.25300        0.090000        3               0     -1      0      0      0.5      0      7
-10323        Anti-K1(1270)+        1.25300        0.090000        3               0     -1      0      0      0.5     -1      7
10313         K1(1270)0             1.25300        0.090000        3               0      1      0      0      0.5      0      7
10323         K1(1270)+             1.25300        0.090000        3               0      1      0      0      0.5      1      7
225           f2(1270)              1.27550        0.186700        5               0      0      0      0      0.0      0      7
100221        eta(1295)             1.29400        0.055000        1               0      0      0      0      0.0      0      2
-100211       pi(1300)-             1.30000        0.400000        1               0      0      0      0      1.0     -1      2
100111        pi(1300)0             1.30000        0.400000        1               0      0      0      0      1.0      0      3
100211        pi(1300)+             1.30000        0.400000        1               0      0      0      0      1.0      1      2
-3312         Anti-Ksi-             1.31800        0.000000        2              -1      2      0      0      0.5      1      1
-3322         Anti-Ksi0             1.31800        0.000000        2              -1      2      0      0      0.5      0      1
3312          Ksi-                  1.31800        0.000000        2               1     -2      0      0      0.5     -1      1
3322          Ksi0                  1.31800        0.000000        2               1     -2      0      0      0.5      0      1
10221         f0(1370)              1.35000        0.350000        1               0      0      0      0      0.0      0      7
-9000213      pi1(1400)-            1.35400        0.330000        3               0      0      0      0      1.0     -1      1
9000113       pi1(1400)0            1.35400        0.330000        3               0      0      0      0      1.0      0      1
9000213       pi1(1400)+            1.35400        0.330000        3               0      0      0      0      1.0      1      1
20223         f1(1285)              1.37000        0.022700        3               0      0      0      0      0.0      0      10
-215          a2(1320)-             1.37000        0.105000        5               0      0      0      0      1.0     -1      7
115           a2(1320)0             1.37000        0.105000        5               0      0      0      0      1.0      0      7
215           a2(1320)+             1.37000        0.105000        5               0      0      0      0      1.0      1      7
-3114         Anti-Sigma(1385)-     1.38500        0.036000        4              -1      1      0      0      1.0      1      4
-3214         Anti-Sigma(1385)0     1.38500        0.036000        4              -1      1      0      0      1.0      0      4
-3224         Anti-Sigma(1385)+     1.38500        0.036000        4              -1      1      0      0      1.0     -1      4
3114          Sigma(1385)-          1.38500        0.036000        4               1     -1      0      0      1.0     -1      4
3214          Sigma(1385)0          1.38500        0.036000        4               1     -1      0      0      1.0      0      4
3224          Sigma(1385)+          1.38500        0.036000        4               1     -1      0      0      1.0      1      4
-20313        Anti-K1(1400)0        1.40300        0.174000        3               0     -1      0      0      0.5      0      6
-20323        Anti-K1(1400)+        1.40300        0.174000        3               0     -1      0      0      0.5     -1      6
20313         K1(1400)0             1.40300        0.174000        3               0      1      0      0      0.5      0      6
20323         K1(1400)+             1.40300        0.174000        3               0      1      0      0      0.5      1      6
-13122        Anti-Lambda(1405)     1.40510        0.050500        2              -1      1      0      0      0.0      0      3
13122         Lambda(1405)          1.40510        0.050500        2               1     -1      0      0      0.0      0      3
9020221       eta(1405)             1.40880        0.050100        1               0      0      0      0      0.0      0      10
100223        omega(1420)           1.41000        0.290000        3               0      0      0      0      0.0      0      8
-100313       Anti-K*(1410)0        1.41400        0.232000        3               0     -1      0      0      0.5      0      6
-100323       Anti-K*(1410)+        1.41400        0.232000        3               0     -1      0      0      0.5     -1      6
100313        K*(1410)0             1.41400        0.232000        3               0      1      0      0      0.5      0      6
100323        K*(1410)+             1.41400        0.232000        3               0      1      0      0      0.5      1      6
10333         h1(1415)              1.41600        0.090000        3               0      0      0      0      0.0      0      4
-10311        Anti-K0*(1430)0       1.42500        0.270000        1               0     -1      0      0      0.5      0      3
-10321        Anti-K0*(1430)+       1.42500        0.270000        1               0     -1      0      0      0.5     -1      3
10311         K0*(1430)0            1.42500        0.270000        1               0      1      0      0      0.5      0      3
10321         K0*(1430)+            1.42500        0.270000        1               0      1      0      0      0.5      1      3
20333         f1(1420)              1.42630        0.054500        3               0      0      0      0      0.0      0      4
-315          Anti-K2*(1430)0       1.42700        0.104000        5               0     -1      0      0      0.5      0      10
-325          Anti-K2*(1430)+       1.42700        0.104000        5               0     -1      0      0      0.5     -1      10
315           K2*(1430)0            1.42700        0.104000        5               0      1      0      0      0.5      0      10
325           K2*(1430)+            1.42700        0.104000        5               0      1      0      0      0.5      1      10
9000225       f2(1430)              1.43000        0.013000        5               0      0      0      0      0.0      0      4
-12112        Anti-N(1440)0         1.44000        0.350000        2              -1      0      0      0      0.5      0      7
-12212        Anti-N(1440)+         1.44000        0.350000        2              -1      0      0      0      0.5     -1      7
12112         N(1440)0              1.44000        0.350000        2               1      0      0      0      0.5      0      7
12212         N(1440)+              1.44000        0.350000        2               1      0      0      0      0.5      1      7
-100311       Anti-K(1460)0         1.44700        0.282000        1               0     -1      0      0      0.5      0      7
-100321       Anti-K(1460)+         1.44700        0.282000        1               0     -1      0      0      0.5     -1      7
100311        K(1460)0              1.44700        0.282000        1               0      1      0      0      0.5      0      7
100321        K(1460)+              1.44700        0.282000        1               0      1      0      0      0.5      1      7
-100213       rho(1450)-            1.46500        0.400000        3               0      0      0      0      1.0     -1      4
100113        rho(1450)0            1.46500        0.400000        3               0      0      0      0      1.0      0      5
100213        rho(1450)+            1.46500        0.400000        3               0      0      0      0      1.0      1      4
-10211        a0(1450)-             1.47400        0.265000        1               0      0      0      0      1.0     -1      4
10111         a0(1450)0             1.47400        0.265000        1               0      0      0      0      1.0      0      5
10211         a0(1450)+             1.47400        0.265000        1               0      0      0      0      1.0      1      4
100331        eta(1475)             1.47500        0.090000        1               0      0      0      0      0.0      0      6
-1214         Anti-N(1520)0         1.51500        0.110000        4              -1      0      0      0      0.5      0      17
-2124         Anti-N(1520)+         1.51500        0.110000        4              -1      0      0      0      0.5     -1      17
1214          N(1520)0              1.51500        0.110000        4               1      0      0      0      0.5      0      17
2124          N(1520)+              1.51500        0.110000        4               1      0      0      0      0.5      1      17
335           f2'(1525)             1.51740        0.086000        5               0      0      0      0      0.0      0      5
9000223       f1(1510)              1.51800        0.073000        3               0      0      0      0      0.0      0      5
-3124         Anti-Lambda(1520)     1.52300        0.015700        4              -1      1      0      0      0.0      0      8
3124          Lambda(1520)          1.52300        0.015700        4               1     -1      0      0      0.0      0      8
-22112        Anti-N(1535)0         1.53000        0.150000        2              -1      0      0      0      0.5      0      12
-22212        Anti-N(1535)+         1.53000        0.150000        2              -1      0      0      0      0.5     -1      12
22112         N(1535)0              1.53000        0.150000        2               1      0      0      0      0.5      0      12
22212         N(1535)+              1.53000        0.150000        2               1      0      0      0      0.5      1      12
-3314         Anti-Ksi(1530)-       1.53350        0.009500        4              -1      2      0      0      0.5      1      2
-3324         Anti-Ksi(1530)0       1.53350        0.009500        4              -1      2      0      0      0.5      0      2
3314          Ksi(1530)-            1.53350        0.009500        4               1     -2      0      0      0.5     -1      2
3324          Ksi(1530)0            1.53350        0.009500        4               1     -2      0      0      0.5      0      2
9010225       f2(1565)              1.54900        0.122000        5               0      0      0      0      0.0      0      6
9030221       f0(1500)              1.56000        0.112000        1               0      0      0      0      0.0      0      9
-7030213      rho(1570)-            1.57000        0.144000        3               0      0      0      0      1.0     -1      1
7030113       rho(1570)0            1.57000        0.144000        3               0      0      0      0      1.0      0      1
7030213       rho(1570)+            1.57000        0.144000        3               0      0      0      0      1.0      1      1
-31114        Anti-Delta(1600)-     1.57000        0.250000        4              -1      0      0      0      1.5      1      8
-32114        Anti-Delta(1600)0     1.57000        0.250000        4              -1      0      0      0      1.5      0      14
-32214        Anti-Delta(1600)+     1.57000        0.250000        4              -1      0      0      0      1.5     -1      14
-32224        Anti-Delta(1600)++    1.57000        0.250000        4              -1      0      0      0      1.5     -2      8
31114         Delta(1600)-          1.57000        0.250000        4               1      0      0      0      1.5     -1      8
32114         Delta(1600)0          1.57000        0.250000        4               1      0      0      0      1.5      0      14
32214         Delta(1600)+          1.57000        0.250000        4               1      0      0      0      1.5      1      14
32224         Delta(1600)++         1.57000        0.250000        4               1      0      0      0      1.5      2      8
-9833114      Anti-Sigma(1580)-     1.58000        0.013000        4              -1      1      0      0      1.0      1      8
-9833214      Anti-Sigma(1580)0     1.58000        0.013000        4              -1      1      0      0      1.0      0      9
-9833224      Anti-Sigma(1580)+     1.58000        0.013000        4              -1      1      0      0      1.0     -1      8
9833114       Sigma(1580)-          1.58000        0.013000        4               1     -1      0      0      1.0     -1      8
9833214       Sigma(1580)0          1.58000        0.013000        4               1     -1      0      0      1.0      0      9
9833224       Sigma(1580)+          1.58000        0.013000        4               1     -1      0      0      1.0      1      8
-9000315      Anti-K2(1580)0        1.58000        0.110000        5               0     -1      0      0      0.5      0      4
-9000325      Anti-K2(1580)+        1.58000        0.110000        5               0     -1      0      0      0.5     -1      4
9000315       K2(1580)0             1.58000        0.110000        5               0      1      0      0      0.5      0      4
9000325       K2(1580)+             1.58000        0.110000        5               0      1      0      0      0.5      1      4
9010223       h1(1595)              1.59400        0.384000        3               0      0      0      0      0.0      0      1
-23122        Anti-Lambda(1600)     1.60000        0.200000        2              -1      1      0      0      0.0      0      9
23122         Lambda(1600)          1.60000        0.200000        2               1     -1      0      0      0.0      0      9
-1112         Anti-Delta(1620)-     1.61000        0.130000        2              -1      0      0      0      1.5      1      6
-1212         Anti-Delta(1620)0     1.61000        0.130000        2              -1      0      0      0      1.5      0      11
-2122         Anti-Delta(1620)+     1.61000        0.130000        2              -1      0      0      0      1.5     -1      11
-2222         Anti-Delta(1620)++    1.61000        0.130000        2              -1      0      0      0      1.5     -2      6
1112          Delta(1620)-          1.61000        0.130000        2               1      0      0      0      1.5     -1      6
1212          Delta(1620)0          1.61000        0.130000        2               1      0      0      0      1.5      0      11
2122          Delta(1620)+          1.61000        0.130000        2               1      0      0      0      1.5      1      11
2222          Delta(1620)++         1.61000        0.130000        2               1      0      0      0      1.5      2      6
10225         eta2(1645)            1.61700        0.181000        5               0      0      0      0      0.0      0      10
-9833112      Anti-Sigma(1620)-     1.62000        0.070000        2              -1      1      0      0      1.0      1      5
-9833212      Anti-Sigma(1620)0     1.62000        0.070000        2              -1      1      0      0      1.0      0      6
-9833222      Anti-Sigma(1620)+     1.62000        0.070000        2              -1      1      0      0      1.0     -1      5
9833112       Sigma(1620)-          1.62000        0.070000        2               1     -1      0      0      1.0     -1      5
9833212       Sigma(1620)0          1.62000        0.070000        2               1     -1      0      0      1.0      0      6
9833222       Sigma(1620)+          1.62000        0.070000        2               1     -1      0      0      1.0      1      5
-9823314      Anti-Ksi(1620)-       1.62000        0.030000        4              -1      2      0      0      0.5      1      2
-9823324      Anti-Ksi(1620)0       1.62000        0.030000        4              -1      2      0      0      0.5      0      2
9823314       Ksi(1620)-            1.62000        0.030000        4               1     -2      0      0      0.5     -1      2
9823324       Ksi(1620)0            1.62000        0.030000        4               1     -2      0      0      0.5      0      2
-7010313      Anti-K(1630)0         1.62900        0.016000        3               0     -1      0      0      0.5      0      3
-7010323      Anti-K(1630)+         1.62900        0.016000        3               0     -1      0      0      0.5     -1      3
7010313       K(1630)0              1.62900        0.016000        3               0      1      0      0      0.5      0      3
7010323       K(1630)+              1.62900        0.016000        3               0      1      0      0      0.5      1      3
9020225       f2(1640)              1.63900        0.099000        5               0      0      0      0      0.0      0      5
-32112        Anti-N(1650)0         1.65000        0.125000        2              -1      0      0      0      0.5      0      13
-32212        Anti-N(1650)+         1.65000        0.125000        2              -1      0      0      0      0.5     -1      13
32112         N(1650)0              1.65000        0.125000        2               1      0      0      0      0.5      0      13
32212         N(1650)+              1.65000        0.125000        2               1      0      0      0      0.5      1      13
-9020213      a1(1640)-             1.65500        0.254000        3               0      0      0      0      1.0     -1      5
9020113       a1(1640)0             1.65500        0.254000        3               0      0      0      0      1.0      0      5
9020213       a1(1640)+             1.65500        0.254000        3               0      0      0      0      1.0      1      5
-13112        Anti-Sigma(1660)-     1.66000        0.200000        2              -1      1      0      0      1.0      1      8
-13212        Anti-Sigma(1660)0     1.66000        0.200000        2              -1      1      0      0      1.0      0      9
-13222        Anti-Sigma(1660)+     1.66000        0.200000        2              -1      1      0      0      1.0     -1      8
13112         Sigma(1660)-          1.66000        0.200000        2               1     -1      0      0      1.0     -1      8
13212         Sigma(1660)0          1.66000        0.200000        2               1     -1      0      0      1.0      0      9
13222         Sigma(1660)+          1.66000        0.200000        2               1     -1      0      0      1.0      1      8
-9010213      pi1(1600)-            1.66100        0.240000        3               0      0      0      0      1.0     -1      7
9010113       pi1(1600)0            1.66100        0.240000        3               0      0      0      0      1.0      0      7
9010213       pi1(1600)+            1.66100        0.240000        3               0      0      0      0      1.0      1      7
227           omega3(1670)          1.66700        0.168000        7               0      0      0      0      0.0      0      5
30223         omega(1650)           1.67000        0.315000        3               0      0      0      0      0.0      0      6
-10215        pi2(1670)-            1.67060        0.258000        5               0      0      0      0      1.0     -1      5
10115         pi2(1670)0            1.67060        0.258000        5               0      0      0      0      1.0      0      7
10215         pi2(1670)+            1.67060        0.258000        5               0      0      0      0      1.0      1      5
-9000313      Anti-K1(1650)0        1.67200        0.158000        3               0     -1      0      0      0.5      0      4
-9000323      Anti-K1(1650)+        1.67200        0.158000        3               0     -1      0      0      0.5     -1      4
9000313       K1(1650)0             1.67200        0.158000        3               0      1      0      0      0.5      0      4
9000323       K1(1650)+             1.67200        0.158000        3               0      1      0      0      0.5      1      4
-3334         Anti-Omega            1.67245        0.000000        4              -1      3      0      0      0.0      1      1
3334          Omega                 1.67245        0.000000        4               1     -3      0      0      0.0     -1      1
-33122        Anti-Lambda(1670)     1.67400        0.030000        2              -1      1      0      0      0.0      0      11
33122         Lambda(1670)          1.67400        0.030000        2               1     -1      0      0      0.0      0      11
-13114        Anti-Sigma(1670)-     1.67500        0.070000        4              -1      1      0      0      1.0      1      5
-13214        Anti-Sigma(1670)0     1.67500        0.070000        4              -1      1      0      0      1.0      0      6
-13224        Anti-Sigma(1670)+     1.67500        0.070000        4              -1      1      0      0      1.0     -1      5
13114         Sigma(1670)-          1.67500        0.070000        4               1     -1      0      0      1.0     -1      5
13214         Sigma(1670)0          1.67500        0.070000        4               1     -1      0      0      1.0      0      6
13224         Sigma(1670)+          1.67500        0.070000        4               1     -1      0      0      1.0      1      5
-2116         Anti-N(1675)0         1.67500        0.145000        6              -1      0      0      0      0.5      0      10
-2216         Anti-N(1675)+         1.67500        0.145000        6              -1      0      0      0      0.5     -1      10
2116          N(1675)0              1.67500        0.145000        6               1      0      0      0      0.5      0      10
2216          N(1675)+              1.67500        0.145000        6               1      0      0      0      0.5      1      10
100333        phi(1680)             1.68000        0.150000        3               0      0      0      0      0.0      0      9
-12116        Anti-N(1680)0         1.68500        0.120000        6              -1      0      0      0      0.5      0      20
-12216        Anti-N(1680)+         1.68500        0.120000        6              -1      0      0      0      0.5     -1      20
12116         N(1680)0              1.68500        0.120000        6               1      0      0      0      0.5      0      20
12216         N(1680)+              1.68500        0.120000        6               1      0      0      0      0.5      1      20
-217          rho3(1690)-           1.68880        0.161000        7               0      0      0      0      1.0     -1      6
117           rho3(1690)0           1.68880        0.161000        7               0      0      0      0      1.0      0      8
217           rho3(1690)+           1.68880        0.161000        7               0      0      0      0      1.0      1      6
-13124        Anti-Lambda(1690)     1.69000        0.070000        4              -1      1      0      0      0.0      0      14
13124         Lambda(1690)          1.69000        0.070000        4               1     -1      0      0      0.0      0      14
-203312       Anti-Ksi(1690)-       1.69000        0.010000        2              -1      2      0      0      0.5      1      5
-203322       Anti-Ksi(1690)0       1.69000        0.010000        2              -1      2      0      0      0.5      0      5
203312        Ksi(1690)-            1.69000        0.010000        2               1     -2      0      0      0.5     -1      5
203322        Ksi(1690)0            1.69000        0.010000        2               1     -2      0      0      0.5      0      5
-9000215      a2(1700)-             1.69800        0.265000        5               0      0      0      0      1.0     -1      5
9000115       a2(1700)0             1.69800        0.265000        5               0      0      0      0      1.0      0      6
9000215       a2(1700)+             1.69800        0.265000        5               0      0      0      0      1.0      1      5
10331         f0(1710)              1.70400        0.123000        1               0      0      0      0      0.0      0      6
-42112        Anti-N(1710)0         1.71000        0.140000        2              -1      0      0      0      0.5      0      16
-42212        Anti-N(1710)+         1.71000        0.140000        2              -1      0      0      0      0.5     -1      16
42112         N(1710)0              1.71000        0.140000        2               1      0      0      0      0.5      0      16
42212         N(1710)+              1.71000        0.140000        2               1      0      0      0      0.5      1      16
-11114        Anti-Delta(1700)-     1.71000        0.300000        4              -1      0      0      0      1.5      1      11
-12114        Anti-Delta(1700)0     1.71000        0.300000        4              -1      0      0      0      1.5      0      19
-12214        Anti-Delta(1700)+     1.71000        0.300000        4              -1      0      0      0      1.5     -1      19
-12224        Anti-Delta(1700)++    1.71000        0.300000        4              -1      0      0      0      1.5     -2      11
11114         Delta(1700)-          1.71000        0.300000        4               1      0      0      0      1.5     -1      11
12114         Delta(1700)0          1.71000        0.300000        4               1      0      0      0      1.5      0      19
12214         Delta(1700)+          1.71000        0.300000        4               1      0      0      0      1.5      1      19
12224         Delta(1700)++         1.71000        0.300000        4               1      0      0      0      1.5      2      11
-9863122      Anti-Lambda(1710)     1.71300        0.180000        2              -1      1      0      0      0.0      0      12
9863122       Lambda(1710)          1.71300        0.180000        2               1     -1      0      0      0.0      0      12
-9831112      Anti-Delta(1750)-     1.71600        0.356000        2              -1      0      0      0      1.5      1      4
-9831212      Anti-Delta(1750)0     1.71600        0.356000        2              -1      0      0      0      1.5      0      7
-9832122      Anti-Delta(1750)+     1.71600        0.356000        2              -1      0      0      0      1.5     -1      7
-9832222      Anti-Delta(1750)++    1.71600        0.356000        2              -1      0      0      0      1.5     -2      4
9831112       Delta(1750)-          1.71600        0.356000        2               1      0      0      0      1.5     -1      4
9831212       Delta(1750)0          1.71600        0.356000        2               1      0      0      0      1.5      0      7
9832122       Delta(1750)+          1.71600        0.356000        2               1      0      0      0      1.5      1      7
9832222       Delta(1750)++         1.71600        0.356000        2               1      0      0      0      1.5      2      4
-30313        Anti-K*(1680)0        1.71800        0.322000        3               0     -1      0      0      0.5      0      7
-30323        Anti-K*(1680)+        1.71800        0.322000        3               0     -1      0      0      0.5     -1      7
30313         K*(1680)0             1.71800        0.322000        3               0      1      0      0      0.5      0      7
30323         K*(1680)+             1.71800        0.322000        3               0      1      0      0      0.5      1      7
-30213        rho(1700)-            1.72000        0.250000        3               0      0      0      0      1.0     -1      2
30113         rho(1700)0            1.72000        0.250000        3               0      0      0      0      1.0      0      3
30213         rho(1700)+            1.72000        0.250000        3               0      0      0      0      1.0      1      2
-21214        Anti-N(1700)0         1.72000        0.200000        4              -1      0      0      0      0.5      0      22
-22124        Anti-N(1700)+         1.72000        0.200000        4              -1      0      0      0      0.5     -1      22
21214         N(1700)0              1.72000        0.200000        4               1      0      0      0      0.5      0      22
22124         N(1700)+              1.72000        0.200000        4               1      0      0      0      0.5      1      22
-31214        Anti-N(1720)0         1.72000        0.250000        4              -1      0      0      0      0.5      0      21
-32124        Anti-N(1720)+         1.72000        0.250000        4              -1      0      0      0      0.5     -1      21
31214         N(1720)0              1.72000        0.250000        4               1      0      0      0      0.5      0      21
32124         N(1720)+              1.72000        0.250000        4               1      0      0      0      0.5      1      21
-23112        Anti-Sigma(1750)-     1.75000        0.150000        2              -1      1      0      0      1.0      1      9
-23212        Anti-Sigma(1750)0     1.75000        0.150000        2              -1      1      0      0      1.0      0      11
-23222        Anti-Sigma(1750)+     1.75000        0.150000        2              -1      1      0      0      1.0     -1      9
23112         Sigma(1750)-          1.75000        0.150000        2               1     -1      0      0      1.0     -1      9
23212         Sigma(1750)0          1.75000        0.150000        2               1     -1      0      0      1.0      0      11
23222         Sigma(1750)+          1.75000        0.150000        2               1     -1      0      0      1.0      1      9
9040221       eta(1760)             1.75100        0.240000        1               0      0      0      0      0.0      0      2
-10315        Anti-K2(1770)0        1.77300        0.186000        5               0     -1      0      0      0.5      0      3
-10325        Anti-K2(1770)+        1.77300        0.186000        5               0     -1      0      0      0.5     -1      3
10315         K2(1770)0             1.77300        0.186000        5               0      1      0      0      0.5      0      3
10325         K2(1770)+             1.77300        0.186000        5               0      1      0      0      0.5      1      3
-3116         Anti-Sigma(1775)-     1.77500        0.120000        6              -1      1      0      0      1.0      1      7
-3216         Anti-Sigma(1775)0     1.77500        0.120000        6              -1      1      0      0      1.0      0      8
-3226         Anti-Sigma(1775)+     1.77500        0.120000        6              -1      1      0      0      1.0     -1      7
3116          Sigma(1775)-          1.77500        0.120000        6               1     -1      0      0      1.0     -1      7
3216          Sigma(1775)0          1.77500        0.120000        6               1     -1      0      0      1.0      0      8
3226          Sigma(1775)+          1.77500        0.120000        6               1     -1      0      0      1.0      1      7
-317          Anti-K3*(1780)0       1.77900        0.161000        7               0     -1      0      0      0.5      0      9
-327          Anti-K3*(1780)+       1.77900        0.161000        7               0     -1      0      0      0.5     -1      9
317           K3*(1780)0            1.77900        0.161000        7               0      1      0      0      0.5      0      9
327           K3*(1780)+            1.77900        0.161000        7               0      1      0      0      0.5      1      9
-9843114      Anti-Sigma(1780)-     1.78000        0.200000        4              -1      1      0      0      1.0      1      4
-9843214      Anti-Sigma(1780)0     1.78000        0.200000        4              -1      1      0      0      1.0      0      5
-9843224      Anti-Sigma(1780)+     1.78000        0.200000        4              -1      1      0      0      1.0     -1      4
9843114       Sigma(1780)-          1.78000        0.200000        4               1     -1      0      0      1.0     -1      4
9843214       Sigma(1780)0          1.78000        0.200000        4               1     -1      0      0      1.0      0      5
9843224       Sigma(1780)+          1.78000        0.200000        4               1     -1      0      0      1.0      1      4
-43122        Anti-Lambda(1800)     1.80000        0.200000        2              -1      1      0      0      0.0      0      13
43122         Lambda(1800)          1.80000        0.200000        2               1     -1      0      0      0.0      0      13
-9010211      pi(1800)-             1.81000        0.215000        1               0      0      0      0      1.0     -1      3
9010111       pi(1800)0             1.81000        0.215000        1               0      0      0      0      1.0      0      2
9010211       pi(1800)+             1.81000        0.215000        1               0      0      0      0      1.0      1      3
-53122        Anti-Lambda(1810)     1.81300        0.110000        2              -1      1      0      0      0.0      0      14
53122         Lambda(1810)          1.81300        0.110000        2               1     -1      0      0      0.0      0      14
9030225       f2(1810)              1.81500        0.197000        5               0      0      0      0      0.0      0      6
-20315        Anti-K2(1820)0        1.81900        0.264000        5               0     -1      0      0      0.5      0      8
-20325        Anti-K2(1820)+        1.81900        0.264000        5               0     -1      0      0      0.5     -1      8
20315         K2(1820)0             1.81900        0.264000        5               0      1      0      0      0.5      0      8
20325         K2(1820)+             1.81900        0.264000        5               0      1      0      0      0.5      1      8
-3126         Anti-Lambda(1820)     1.82000        0.080000        6              -1      1      0      0      0.0      0      15
3126          Lambda(1820)          1.82000        0.080000        6               1     -1      0      0      0.0      0      15
-13314        Anti-Ksi(1820)-       1.82300        0.024000        4              -1      2      0      0      0.5      1      7
-13324        Anti-Ksi(1820)0       1.82300        0.024000        4              -1      2      0      0      0.5      0      7
13314         Ksi(1820)-            1.82300        0.024000        4               1     -2      0      0      0.5     -1      7
13324         Ksi(1820)0            1.82300        0.024000        4               1     -2      0      0      0.5      0      7
-13126        Anti-Lambda(1830)     1.82500        0.090000        6              -1      1      0      0      0.0      0      18
13126         Lambda(1830)          1.82500        0.090000        6               1     -1      0      0      0.0      0      18
10335         eta2(1870)            1.84200        0.225000        5               0      0      0      0      0.0      0      7
337           phi3(1850)            1.85400        0.087000        7               0      0      0      0      0.0      0      6
-11112        Anti-Delta(1900)-     1.86000        0.250000        2              -1      0      0      0      1.5      1      10
-11212        Anti-Delta(1900)0     1.86000        0.250000        2              -1      0      0      0      1.5      0      18
-12122        Anti-Delta(1900)+     1.86000        0.250000        2              -1      0      0      0      1.5     -1      18
-12222        Anti-Delta(1900)++    1.86000        0.250000        2              -1      0      0      0      1.5     -2      10
11112         Delta(1900)-          1.86000        0.250000        2               1      0      0      0      1.5     -1      10
11212         Delta(1900)0          1.86000        0.250000        2               1      0      0      0      1.5      0      18
12122         Delta(1900)+          1.86000        0.250000        2               1      0      0      0      1.5      1      18
12222         Delta(1900)++         1.86000        0.250000        2               1      0      0      0      1.5      2      10
-7110215      pi2(1880)-            1.87400        0.237000        5               0      0      0      0      1.0     -1      4
7110115       pi2(1880)0            1.87400        0.237000        5               0      0      0      0      1.0      0      4
7110215       pi2(1880)+            1.87400        0.237000        5               0      0      0      0      1.0      1      4
-9010311      Anti-K(1830)0         1.87400        0.168000        1               0     -1      0      0      0.5      0      1
-9010321      Anti-K(1830)+         1.87400        0.168000        1               0     -1      0      0      0.5     -1      1
9010311       K(1830)0              1.87400        0.168000        1               0      1      0      0      0.5      0      1
9010321       K(1830)+              1.87400        0.168000        1               0      1      0      0      0.5      1      1
-9811214      Anti-N(1875)0         1.87500        0.200000        4              -1      0      0      0      0.5      0      23
-9812124      Anti-N(1875)+         1.87500        0.200000        4              -1      0      0      0      0.5     -1      23
9811214       N(1875)0              1.87500        0.200000        4               1      0      0      0      0.5      0      23
9812124       N(1875)+              1.87500        0.200000        4               1      0      0      0      0.5      1      23
7200221       X(1835)               1.87700        0.242000        1               0      0      0      0      0.0      0      2
-9843112      Anti-Sigma(1880)-     1.88000        0.200000        2              -1      1      0      0      1.0      1      9
-9843212      Anti-Sigma(1880)0     1.88000        0.200000        2              -1      1      0      0      1.0      0      12
-9843222      Anti-Sigma(1880)+     1.88000        0.200000        2              -1      1      0      0      1.0     -1      9
9843112       Sigma(1880)-          1.88000        0.200000        2               1     -1      0      0      1.0     -1      9
9843212       Sigma(1880)0          1.88000        0.200000        2               1     -1      0      0      1.0      0      12
9843222       Sigma(1880)+          1.88000        0.200000        2               1     -1      0      0      1.0      1      9
-9852112      Anti-N(1880)0         1.88000        0.300000        2              -1      0      0      0      0.5      0      19
-9852212      Anti-N(1880)+         1.88000        0.300000        2              -1      0      0      0      0.5     -1      19
9852112       N(1880)0              1.88000        0.300000        2               1      0      0      0      0.5      0      19
9852212       N(1880)+              1.88000        0.300000        2               1      0      0      0      0.5      1      19
-1116         Anti-Delta(1905)-     1.88000        0.330000        6              -1      0      0      0      1.5      1      11
-1216         Anti-Delta(1905)0     1.88000        0.330000        6              -1      0      0      0      1.5      0      19
-2126         Anti-Delta(1905)+     1.88000        0.330000        6              -1      0      0      0      1.5     -1      19
-2226         Anti-Delta(1905)++    1.88000        0.330000        6              -1      0      0      0      1.5     -2      11
1116          Delta(1905)-          1.88000        0.330000        6               1      0      0      0      1.5     -1      11
1216          Delta(1905)0          1.88000        0.330000        6               1      0      0      0      1.5      0      19
2126          Delta(1905)+          1.88000        0.330000        6               1      0      0      0      1.5      1      19
2226          Delta(1905)++         1.88000        0.330000        6               1      0      0      0      1.5      2      11
-9030213      rho(1900)-            1.88600        0.077000        3               0      0      0      0      1.0     -1      1
9030113       rho(1900)0            1.88600        0.077000        3               0      0      0      0      1.0      0      1
9030213       rho(1900)+            1.88600        0.077000        3               0      0      0      0      1.0      1      1
-9822116      Anti-N(1860)0         1.89000        0.247000        6              -1      0      0      0      0.5      0      19
-9822216      Anti-N(1860)+         1.89000        0.247000        6              -1      0      0      0      0.5     -1      19
9822116       N(1860)0              1.89000        0.247000        6               1      0      0      0      0.5      0      19
9822216       N(1860)+              1.89000        0.247000        6               1      0      0      0      0.5      1      19
-23124        Anti-Lambda(1890)     1.89000        0.120000        4              -1      1      0      0      0.0      0      19
23124         Lambda(1890)          1.89000        0.120000        4               1     -1      0      0      0.0      0      19
-9862112      Anti-N(1895)0         1.89500        0.120000        2              -1      0      0      0      0.5      0      20
-9862212      Anti-N(1895)+         1.89500        0.120000        2              -1      0      0      0      0.5     -1      20
9862112       N(1895)0              1.89500        0.120000        2               1      0      0      0      0.5      0      20
9862212       N(1895)+              1.89500        0.120000        2               1      0      0      0      0.5      1      20
9040225       f2(1910)              1.90000        0.167000        5               0      0      0      0      0.0      0      1
-21112        Anti-Delta(1910)-     1.90000        0.300000        2              -1      0      0      0      1.5      1      6
-21212        Anti-Delta(1910)0     1.90000        0.300000        2              -1      0      0      0      1.5      0      10
-22122        Anti-Delta(1910)+     1.90000        0.300000        2              -1      0      0      0      1.5     -1      10
-22222        Anti-Delta(1910)++    1.90000        0.300000        2              -1      0      0      0      1.5     -2      6
21112         Delta(1910)-          1.90000        0.300000        2               1      0      0      0      1.5     -1      6
21212         Delta(1910)0          1.90000        0.300000        2               1      0      0      0      1.5      0      10
22122         Delta(1910)+          1.90000        0.300000        2               1      0      0      0      1.5      1      10
22222         Delta(1910)++         1.90000        0.300000        2               1      0      0      0      1.5      2      6
-23114        Anti-Sigma(1910)-     1.91000        0.220000        4              -1      1      0      0      1.0      1      12
-23214        Anti-Sigma(1910)0     1.91000        0.220000        4              -1      1      0      0      1.0      0      15
-23224        Anti-Sigma(1910)+     1.91000        0.220000        4              -1      1      0      0      1.0     -1      12
23114         Sigma(1910)-          1.91000        0.220000        4               1     -1      0      0      1.0     -1      12
23214         Sigma(1910)0          1.91000        0.220000        4               1     -1      0      0      1.0      0      15
23224         Sigma(1910)+          1.91000        0.220000        4               1     -1      0      0      1.0      1      12
-13116        Anti-Sigma(1915)-     1.91500        0.120000        6              -1      1      0      0      1.0      1      17
-13216        Anti-Sigma(1915)0     1.91500        0.120000        6              -1      1      0      0      1.0      0      22
-13226        Anti-Sigma(1915)+     1.91500        0.120000        6              -1      1      0      0      1.0     -1      17
13116         Sigma(1915)-          1.91500        0.120000        6               1     -1      0      0      1.0     -1      17
13216         Sigma(1915)0          1.91500        0.120000        6               1     -1      0      0      1.0      0      22
13226         Sigma(1915)+          1.91500        0.120000        6               1     -1      0      0      1.0      1      17
-9841214      Anti-N(1900)0         1.92000        0.200000        4              -1      0      0      0      0.5      0      25
-9842124      Anti-N(1900)+         1.92000        0.200000        4              -1      0      0      0      0.5     -1      25
9841214       N(1900)0              1.92000        0.200000        4               1      0      0      0      0.5      0      25
9842124       N(1900)+              1.92000        0.200000        4               1      0      0      0      0.5      1      25
-21114        Anti-Delta(1920)-     1.92000        0.300000        4              -1      0      0      0      1.5      1      13
-22114        Anti-Delta(1920)0     1.92000        0.300000        4              -1      0      0      0      1.5      0      23
-22214        Anti-Delta(1920)+     1.92000        0.300000        4              -1      0      0      0      1.5     -1      23
-22224        Anti-Delta(1920)++    1.92000        0.300000        4              -1      0      0      0      1.5     -2      13
21114         Delta(1920)-          1.92000        0.300000        4               1      0      0      0      1.5     -1      13
22114         Delta(1920)0          1.92000        0.300000        4               1      0      0      0      1.5      0      23
22214         Delta(1920)+          1.92000        0.300000        4               1      0      0      0      1.5      1      23
22224         Delta(1920)++         1.92000        0.300000        4               1      0      0      0      1.5      2      13
-9853112      Anti-Sigma(1900)-     1.92500        0.165000        2              -1      1      0      0      1.0      1      13
-9853212      Anti-Sigma(1900)0     1.92500        0.165000        2              -1      1      0      0      1.0      0      17
-9853222      Anti-Sigma(1900)+     1.92500        0.165000        2              -1      1      0      0      1.0     -1      13
9853112       Sigma(1900)-          1.92500        0.165000        2               1     -1      0      0      1.0     -1      13
9853212       Sigma(1900)0          1.92500        0.165000        2               1     -1      0      0      1.0      0      17
9853222       Sigma(1900)+          1.92500        0.165000        2               1     -1      0      0      1.0      1      13
-1118         Anti-Delta(1950)-     1.93000        0.285000        8              -1      0      0      0      1.5      1      7
-2118         Anti-Delta(1950)0     1.93000        0.285000        8              -1      0      0      0      1.5      0      14
-2218         Anti-Delta(1950)+     1.93000        0.285000        8              -1      0      0      0      1.5     -1      14
-2228         Anti-Delta(1950)++    1.93000        0.285000        8              -1      0      0      0      1.5     -2      7
1118          Delta(1950)-          1.93000        0.285000        8               1      0      0      0      1.5     -1      7
2118          Delta(1950)0          1.93000        0.285000        8               1      0      0      0      1.5      0      14
2218          Delta(1950)+          1.93000        0.285000        8               1      0      0      0      1.5      1      14
2228          Delta(1950)++         1.93000        0.285000        8               1      0      0      0      1.5      2      7
-7110211      a0(1950)-             1.93100        0.271000        1               0      0      0      0      1.0     -1      1
7110111       a0(1950)0             1.93100        0.271000        1               0      0      0      0      1.0      0      2
7110211       a0(1950)+             1.93100        0.271000        1               0      0      0      0      1.0      1      1
9050225       f2(1950)              1.93600        0.464000        5               0      0      0      0      0.0      0      9
-9853114      Anti-Sigma(1940)-     1.94000        0.250000        4              -1      1      0      0      1.0      1      7
-9853214      Anti-Sigma(1940)0     1.94000        0.250000        4              -1      1      0      0      1.0      0      8
-9853224      Anti-Sigma(1940)+     1.94000        0.250000        4              -1      1      0      0      1.0     -1      7
9853114       Sigma(1940)-          1.94000        0.250000        4               1     -1      0      0      1.0     -1      7
9853214       Sigma(1940)0          1.94000        0.250000        4               1     -1      0      0      1.0      0      8
9853224       Sigma(1940)+          1.94000        0.250000        4               1     -1      0      0      1.0      1      7
-9020311      Anti-K0*(1950)0       1.94500        0.201000        1               0     -1      0      0      0.5      0      2
-9020321      Anti-K0*(1950)+       1.94500        0.201000        1               0     -1      0      0      0.5     -1      2
9020311       K0*(1950)0            1.94500        0.201000        1               0      1      0      0      0.5      0      2
9020321       K0*(1950)+            1.94500        0.201000        1               0      1      0      0      0.5      1      2
-103316       Anti-Ksi(1950)-       1.95000        0.060000        6              -1      2      0      0      0.5      1      5
-103326       Anti-Ksi(1950)0       1.95000        0.060000        6              -1      2      0      0      0.5      0      5
103316        Ksi(1950)-            1.95000        0.060000        6               1     -2      0      0      0.5     -1      5
103326        Ksi(1950)0            1.95000        0.060000        6               1     -2      0      0      0.5      0      5
-11116        Anti-Delta(1930)-     1.95000        0.300000        6              -1      0      0      0      1.5      1      2
-11216        Anti-Delta(1930)0     1.95000        0.300000        6              -1      0      0      0      1.5      0      3
-12126        Anti-Delta(1930)+     1.95000        0.300000        6              -1      0      0      0      1.5     -1      3
-12226        Anti-Delta(1930)++    1.95000        0.300000        6              -1      0      0      0      1.5     -2      2
11116         Delta(1930)-          1.95000        0.300000        6               1      0      0      0      1.5     -1      2
11216         Delta(1930)0          1.95000        0.300000        6               1      0      0      0      1.5      0      3
12126         Delta(1930)+          1.95000        0.300000        6               1      0      0      0      1.5      1      3
12226         Delta(1930)++         1.95000        0.300000        6               1      0      0      0      1.5      2      2
-7210215      pi2(2005)-            1.96300        0.370000        5               0      0      0      0      1.0     -1      3
7210115       pi2(2005)0            1.96300        0.370000        5               0      0      0      0      1.0      0      2
7210215       pi2(2005)+            1.96300        0.370000        5               0      0      0      0      1.0      1      3
-219          a4(1970)-             1.96700        0.324000        9               0      0      0      0      1.0     -1      5
119           a4(1970)0             1.96700        0.324000        9               0      0      0      0      1.0      0      5
219           a4(1970)+             1.96700        0.324000        9               0      0      0      0      1.0      1      5
-9000217      rho3(1990)-           1.98200        0.188000        7               0      0      0      0      1.0     -1      1
9000117       rho3(1990)0           1.98200        0.188000        7               0      0      0      0      1.0      0      1
9000217       rho3(1990)+           1.98200        0.188000        7               0      0      0      0      1.0      1      1
9050221       f0(2020)              1.99200        0.442000        1               0      0      0      0      0.0      0      7
-9010315      Anti-K2*(1980)0       1.99500        0.349000        5               0     -1      0      0      0.5      0      7
-9010325      Anti-K2*(1980)+       1.99500        0.349000        5               0     -1      0      0      0.5     -1      7
9010315       K2*(1980)0            1.99500        0.349000        5               0      1      0      0      0.5      0      7
9010325       K2*(1980)+            1.99500        0.349000        5               0      1      0      0      0.5      1      7
-9832116      Anti-N(2000)0         2.00000        0.294000        6              -1      0      0      0      0.5      0      19
-9832216      Anti-N(2000)+         2.00000        0.294000        6              -1      0      0      0      0.5     -1      19
9832116       N(2000)0              2.00000        0.294000        6               1      0      0      0      0.5      0      19
9832216       N(2000)+              2.00000        0.294000        6               1      0      0      0      0.5      1      19
-9873122      Anti-Lambda(2000)     2.00000        0.190000        2              -1      1      0      0      0.0      0      11
9873122       Lambda(2000)          2.00000        0.190000        2               1     -1      0      0      0.0      0      11
-9841114      Anti-Delta(1940)-     2.00000        0.400000        4              -1      0      0      0      1.5      1      9
-9842114      Anti-Delta(1940)0     2.00000        0.400000        4              -1      0      0      0      1.5      0      19
-9842214      Anti-Delta(1940)+     2.00000        0.400000        4              -1      0      0      0      1.5     -1      19
-9842224      Anti-Delta(1940)++    2.00000        0.400000        4              -1      0      0      0      1.5     -2      9
9841114       Delta(1940)-          2.00000        0.400000        4               1      0      0      0      1.5     -1      9
9842114       Delta(1940)0          2.00000        0.400000        4               1      0      0      0      1.5      0      19
9842214       Delta(1940)+          2.00000        0.400000        4               1      0      0      0      1.5      1      19
9842224       Delta(1940)++         2.00000        0.400000        4               1      0      0      0      1.5      2      9
-9863114      Anti-Sigma(2010)-     2.00500        0.178000        4              -1      1      0      0      1.0      1      18
-9863214      Anti-Sigma(2010)0     2.00500        0.178000        4              -1      1      0      0      1.0      0      23
-9863224      Anti-Sigma(2010)+     2.00500        0.178000        4              -1      1      0      0      1.0     -1      18
9863114       Sigma(2010)-          2.00500        0.178000        4               1     -1      0      0      1.0     -1      18
9863214       Sigma(2010)0          2.00500        0.178000        4               1     -1      0      0      1.0      0      23
9863224       Sigma(2010)+          2.00500        0.178000        4               1     -1      0      0      1.0      1      18
9060225       f2(2010)              2.01100        0.202000        5               0      0      0      0      0.0      0      3
-9813334      Anti-Omega(2012)      2.01240        0.006400        4              -1      3      0      0      0.0      1      2
9813334       Omega(2012)           2.01240        0.006400        4               1     -3      0      0      0.0     -1      2
229           f4(2050)              2.01800        0.237000        9               0      0      0      0      0.0      0      9
-9811218      Anti-N(1990)0         2.02000        0.300000        8              -1      0      0      0      0.5      0      5
-9812128      Anti-N(1990)+         2.02000        0.300000        8              -1      0      0      0      0.5     -1      5
9811218       N(1990)0              2.02000        0.300000        8               1      0      0      0      0.5      0      5
9812128       N(1990)+              2.02000        0.300000        8               1      0      0      0      0.5      1      5
-203316       Anti-Ksi(2030)-       2.02500        0.020000        6              -1      2      0      0      0.5      1      3
-203326       Anti-Ksi(2030)0       2.02500        0.020000        6              -1      2      0      0      0.5      0      3
203316        Ksi(2030)-            2.02500        0.020000        6               1     -2      0      0      0.5     -1      3
203326        Ksi(2030)0            2.02500        0.020000        6               1     -2      0      0      0.5      0      3
-3118         Anti-Sigma(2030)-     2.03000        0.180000        8              -1      1      0      0      1.0      1      18
-3218         Anti-Sigma(2030)0     2.03000        0.180000        8              -1      1      0      0      1.0      0      22
-3228         Anti-Sigma(2030)+     2.03000        0.180000        8              -1      1      0      0      1.0     -1      18
3118          Sigma(2030)-          2.03000        0.180000        8               1     -1      0      0      1.0     -1      18
3218          Sigma(2030)0          2.03000        0.180000        8               1     -1      0      0      1.0      0      22
3228          Sigma(2030)+          2.03000        0.180000        8               1     -1      0      0      1.0      1      18
-9851214      Anti-N(2040)0         2.05400        0.197000        4              -1      0      0      0      0.5      0      1
-9852124      Anti-N(2040)+         2.05400        0.197000        4              -1      0      0      0      0.5     -1      1
9851214       N(2040)0              2.05400        0.197000        4               1      0      0      0      0.5      0      1
9852124       N(2040)+              2.05400        0.197000        4               1      0      0      0      0.5      1      1
-9833124      Anti-Lambda(2050)     2.05600        0.493000        4              -1      1      0      0      0.0      0      14
9833124       Lambda(2050)          2.05600        0.493000        4               1     -1      0      0      0.0      0      14
-9823116      Anti-Sigma(2070)-     2.06000        0.200000        6              -1      1      0      0      1.0      1      4
-9823216      Anti-Sigma(2070)0     2.06000        0.200000        6              -1      1      0      0      1.0      0      5
-9823226      Anti-Sigma(2070)+     2.06000        0.200000        6              -1      1      0      0      1.0     -1      4
9823116       Sigma(2070)-          2.06000        0.200000        6               1     -1      0      0      1.0     -1      4
9823216       Sigma(2070)0          2.06000        0.200000        6               1     -1      0      0      1.0      0      5
9823226       Sigma(2070)+          2.06000        0.200000        6               1     -1      0      0      1.0      1      4
-9843124      Anti-Lambda(2070)     2.07000        0.370000        4              -1      1      0      0      0.0      0      22
9843124       Lambda(2070)          2.07000        0.370000        4               1     -1      0      0      0.0      0      22
-9833126      Anti-Lambda(2080)     2.08200        0.181000        6              -1      1      0      0      0.0      0      19
9833126       Lambda(2080)          2.08200        0.181000        6               1     -1      0      0      0.0      0      19
-9813128      Anti-Lambda(2085)     2.08400        0.155000        8              -1      1      0      0      0.0      0      11
9813128       Lambda(2085)          2.08400        0.155000        8               1     -1      0      0      0.0      0      11
9060221       f0(2100)              2.08600        0.284000        1               0      0      0      0      0.0      0      1
-9873114      Anti-Sigma(2080)-     2.09000        0.170000        4              -1      1      0      0      1.0      1      3
-9873214      Anti-Sigma(2080)0     2.09000        0.170000        4              -1      1      0      0      1.0      0      4
-9873224      Anti-Sigma(2080)+     2.09000        0.170000        4              -1      1      0      0      1.0     -1      3
9873114       Sigma(2080)-          2.09000        0.170000        4               1     -1      0      0      1.0     -1      3
9873214       Sigma(2080)0          2.09000        0.170000        4               1     -1      0      0      1.0      0      4
9873224       Sigma(2080)+          2.09000        0.170000        4               1     -1      0      0      1.0      1      3
-23126        Anti-Lambda(2110)     2.09000        0.250000        6              -1      1      0      0      0.0      0      13
23126         Lambda(2110)          2.09000        0.250000        6               1     -1      0      0      0.0      0      13
-9010215      pi2(2100)-            2.09000        0.625000        5               0      0      0      0      1.0     -1      5
9010115       pi2(2100)0            2.09000        0.625000        5               0      0      0      0      1.0      0      4
9010215       pi2(2100)+            2.09000        0.625000        5               0      0      0      0      1.0      1      5
-9813118      Anti-Sigma(2100)-     2.10000        0.232000        8              -1      1      0      0      1.0      1      14
-9813218      Anti-Sigma(2100)0     2.10000        0.232000        8              -1      1      0      0      1.0      0      17
-9813228      Anti-Sigma(2100)+     2.10000        0.232000        8              -1      1      0      0      1.0     -1      14
9813118       Sigma(2100)-          2.10000        0.232000        8               1     -1      0      0      1.0     -1      14
9813218       Sigma(2100)0          2.10000        0.232000        8               1     -1      0      0      1.0      0      17
9813228       Sigma(2100)+          2.10000        0.232000        8               1     -1      0      0      1.0      1      14
-9842116      Anti-N(2060)0         2.10000        0.400000        6              -1      0      0      0      0.5      0      23
-9842216      Anti-N(2060)+         2.10000        0.400000        6              -1      0      0      0      0.5     -1      23
9842116       N(2060)0              2.10000        0.400000        6               1      0      0      0      0.5      0      23
9842216       N(2060)+              2.10000        0.400000        6               1      0      0      0      0.5      1      23
-9872112      Anti-N(2100)0         2.10000        0.260000        2              -1      0      0      0      0.5      0      16
-9872212      Anti-N(2100)+         2.10000        0.260000        2              -1      0      0      0      0.5     -1      16
9872112       N(2100)0              2.10000        0.260000        2               1      0      0      0      0.5      0      16
9872212       N(2100)+              2.10000        0.260000        2               1      0      0      0      0.5      1      16
-3128         Anti-Lambda(2100)     2.10000        0.200000        8              -1      1      0      0      0.0      0      15
3128          Lambda(2100)          2.10000        0.200000        8               1     -1      0      0      0.0      0      15
-9821116      Anti-Delta(2000)-     2.10000        0.450000        6              -1      0      0      0      1.5      1      4
-9821216      Anti-Delta(2000)0     2.10000        0.450000        6              -1      0      0      0      1.5      0      9
-9822126      Anti-Delta(2000)+     2.10000        0.450000        6              -1      0      0      0      1.5     -1      9
-9822226      Anti-Delta(2000)++    2.10000        0.450000        6              -1      0      0      0      1.5     -2      4
9821116       Delta(2000)-          2.10000        0.450000        6               1      0      0      0      1.5     -1      4
9821216       Delta(2000)0          2.10000        0.450000        6               1      0      0      0      1.5      0      9
9822126       Delta(2000)+          2.10000        0.450000        6               1      0      0      0      1.5      1      9
9822226       Delta(2000)++         2.10000        0.450000        6               1      0      0      0      1.5      2      4
-9863112      Anti-Sigma(2110)-     2.10500        0.313000        2              -1      1      0      0      1.0      1      6
-9863212      Anti-Sigma(2110)0     2.10500        0.313000        2              -1      1      0      0      1.0      0      9
-9863222      Anti-Sigma(2110)+     2.10500        0.313000        2              -1      1      0      0      1.0     -1      6
9863112       Sigma(2110)-          2.10500        0.313000        2               1     -1      0      0      1.0     -1      6
9863212       Sigma(2110)0          2.10500        0.313000        2               1     -1      0      0      1.0      0      9
9863222       Sigma(2110)+          2.10500        0.313000        2               1     -1      0      0      1.0      1      6
-9861214      Anti-N(2120)0         2.12000        0.300000        4              -1      0      0      0      0.5      0      21
-9862124      Anti-N(2120)+         2.12000        0.300000        4              -1      0      0      0      0.5     -1      21
9861214       N(2120)0              2.12000        0.300000        4               1      0      0      0      0.5      0      21
9862124       N(2120)+              2.12000        0.300000        4               1      0      0      0      0.5      1      21
-9803318      Anti-Ksi(2120)-       2.12000        0.020000        8              -1      2      0      0      0.5      1      1
-9803328      Anti-Ksi(2120)0       2.12000        0.020000        8              -1      2      0      0      0.5      0      1
9803318       Ksi(2120)-            2.12000        0.020000        8               1     -2      0      0      0.5     -1      1
9803328       Ksi(2120)0            2.12000        0.020000        8               1     -2      0      0      0.5      0      1
-9040213      rho(2150)-            2.15000        0.254000        3               0      0      0      0      1.0     -1      5
9040113       rho(2150)0            2.15000        0.254000        3               0      0      0      0      1.0      0      6
9040213       rho(2150)+            2.15000        0.254000        3               0      0      0      0      1.0      1      5
-9841112      Anti-Delta(2150)-     2.15000        0.200000        2              -1      0      0      0      1.5      1      2
-9841212      Anti-Delta(2150)0     2.15000        0.200000        2              -1      0      0      0      1.5      0      3
-9842122      Anti-Delta(2150)+     2.15000        0.200000        2              -1      0      0      0      1.5     -1      3
-9842222      Anti-Delta(2150)++    2.15000        0.200000        2              -1      0      0      0      1.5     -2      2
9841112       Delta(2150)-          2.15000        0.200000        2               1      0      0      0      1.5     -1      2
9841212       Delta(2150)0          2.15000        0.200000        2               1      0      0      0      1.5      0      3
9842122       Delta(2150)+          2.15000        0.200000        2               1      0      0      0      1.5      1      3
9842222       Delta(2150)++         2.15000        0.200000        2               1      0      0      0      1.5      2      2
9070225       f2(2150)              2.15700        0.152000        5               0      0      0      0      0.0      0      10
7200333       phi(2170)             2.15900        0.137000        3               0      0      0      0      0.0      0      14
-1218         Anti-N(2190)0         2.18000        0.400000        8              -1      0      0      0      0.5      0      13
-2128         Anti-N(2190)+         2.18000        0.400000        8              -1      0      0      0      0.5     -1      13
1218          N(2190)0              2.18000        0.400000        8               1      0      0      0      0.5      0      13
2128          N(2190)+              2.18000        0.400000        8               1      0      0      0      0.5      1      13
9070221       f0(2200)              2.18700        0.207000        1               0      0      0      0      0.0      0      1
-9010217      rho3(2250)-           2.20000        0.158000        7               0      0      0      0      1.0     -1      1
9010117       rho3(2250)0           2.20000        0.158000        7               0      0      0      0      1.0      0      1
9010217       rho3(2250)+           2.20000        0.158000        7               0      0      0      0      1.0      1      1
-9811118      Anti-Delta(2200)-     2.20000        0.350000        8              -1      0      0      0      1.5      1      7
-9812118      Anti-Delta(2200)0     2.20000        0.350000        8              -1      0      0      0      1.5      0      15
-9812218      Anti-Delta(2200)+     2.20000        0.350000        8              -1      0      0      0      1.5     -1      15
-9812228      Anti-Delta(2200)++    2.20000        0.350000        8              -1      0      0      0      1.5     -2      7
9811118       Delta(2200)-          2.20000        0.350000        8               1      0      0      0      1.5     -1      7
9812118       Delta(2200)0          2.20000        0.350000        8               1      0      0      0      1.5      0      15
9812218       Delta(2200)+          2.20000        0.350000        8               1      0      0      0      1.5      1      15
9812228       Delta(2200)++         2.20000        0.350000        8               1      0      0      0      1.5      2      7
9080221       eta(2225)             2.22100        0.185000        1               0      0      0      0      0.0      0      1
9000229       fJ(2220)              2.23110        0.023000        5               0      0      0      0      0.0      0      1
-9883114      Anti-Sigma(2230)-     2.24000        0.345000        4              -1      1      0      0      1.0      1      16
-9883214      Anti-Sigma(2230)0     2.24000        0.345000        4              -1      1      0      0      1.0      0      20
-9883224      Anti-Sigma(2230)+     2.24000        0.345000        4              -1      1      0      0      1.0     -1      16
9883114       Sigma(2230)-          2.24000        0.345000        4               1     -1      0      0      1.0     -1      16
9883214       Sigma(2230)0          2.24000        0.345000        4               1     -1      0      0      1.0      0      20
9883224       Sigma(2230)+          2.24000        0.345000        4               1     -1      0      0      1.0      1      16
-9020315      Anti-K2(2250)0        2.24700        0.180000        5               0     -1      0      0      0.5      0      5
-9020325      Anti-K2(2250)+        2.24700        0.180000        5               0     -1      0      0      0.5     -1      5
9020315       K2(2250)0             2.24700        0.180000        5               0      1      0      0      0.5      0      5
9020325       K2(2250)+             2.24700        0.180000        5               0      1      0      0      0.5      1      5
-9833116      Anti-Sigma(2250)-     2.25000        0.100000        6              -1      1      0      0      1.0      1      5
-9833216      Anti-Sigma(2250)0     2.25000        0.100000        6              -1      1      0      0      1.0      0      7
-9833226      Anti-Sigma(2250)+     2.25000        0.100000        6              -1      1      0      0      1.0     -1      5
9833116       Sigma(2250)-          2.25000        0.100000        6               1     -1      0      0      1.0     -1      5
9833216       Sigma(2250)0          2.25000        0.100000        6               1     -1      0      0      1.0      0      7
9833226       Sigma(2250)+          2.25000        0.100000        6               1     -1      0      0      1.0      1      5
-9902118      Anti-N(2220)0         2.25000        0.400000        10             -1      0      0      0      0.5      0      3
-9902218      Anti-N(2220)+         2.25000        0.400000        10             -1      0      0      0      0.5     -1      3
9902118       N(2220)0              2.25000        0.400000        10              1      0      0      0      0.5      0      3
9902218       N(2220)+              2.25000        0.400000        10              1      0      0      0      0.5      1      3
-9903318      Anti-Ksi(2250)-       2.25000        0.088000        10             -1      2      0      0      0.5      1      5
-9903328      Anti-Ksi(2250)0       2.25000        0.088000        10             -1      2      0      0      0.5      0      5
9903318       Ksi(2250)-            2.25000        0.088000        10              1     -2      0      0      0.5     -1      5
9903328       Ksi(2250)0            2.25000        0.088000        10              1     -2      0      0      0.5      0      5
-319          Anti-K4*(2045)0       2.25000        0.199000        9               0     -1      0      0      0.5      0      15
-329          Anti-K4*(2045)+       2.25000        0.199000        9               0     -1      0      0      0.5     -1      15
319           K4*(2045)0            2.25000        0.199000        9               0      1      0      0      0.5      0      15
329           K4*(2045)+            2.25000        0.199000        9               0      1      0      0      0.5      1      15
-203338       Anti-Omega(2250)      2.25200        0.055000        8              -1      3      0      0      0.0      1      4
203338        Omega(2250)           2.25200        0.055000        8               1     -3      0      0      0.0     -1      4
-9912118      Anti-N(2250)0         2.28000        0.500000        10             -1      0      0      0      0.5      0      5
-9912218      Anti-N(2250)+         2.28000        0.500000        10             -1      0      0      0      0.5     -1      5
9912118       N(2250)0              2.28000        0.500000        10              1      0      0      0      0.5      0      5
9912218       N(2250)+              2.28000        0.500000        10              1      0      0      0      0.5      1      5
9080225       f2(2300)              2.29700        0.149000        5               0      0      0      0      0.0      0      3
-9882112      Anti-N(2300)0         2.30000        0.340000        2              -1      0      0      0      0.5      0      1
-9882212      Anti-N(2300)+         2.30000        0.340000        2              -1      0      0      0      0.5     -1      1
9882112       N(2300)0              2.30000        0.340000        2               1      0      0      0      0.5      0      1
9882212       N(2300)+              2.30000        0.340000        2               1      0      0      0      0.5      1      1
-9901118      Anti-Delta(2300)-     2.30800        0.360000        10             -1      0      0      0      1.5      1      2
-9901218      Anti-Delta(2300)0     2.30800        0.360000        10             -1      0      0      0      1.5      0      3
-9902128      Anti-Delta(2300)+     2.30800        0.360000        10             -1      0      0      0      1.5     -1      3
-9902228      Anti-Delta(2300)++    2.30800        0.360000        10             -1      0      0      0      1.5     -2      2
9901118       Delta(2300)-          2.30800        0.360000        10              1      0      0      0      1.5     -1      2
9901218       Delta(2300)0          2.30800        0.360000        10              1      0      0      0      1.5      0      3
9902128       Delta(2300)+          2.30800        0.360000        10              1      0      0      0      1.5      1      3
9902228       Delta(2300)++         2.30800        0.360000        10              1      0      0      0      1.5      2      2
9010229       f4(2300)              2.32000        0.250000        9               0      0      0      0      0.0      0      11
-9010317      Anti-K3(2320)0        2.32400        0.150000        7               0     -1      0      0      0.5      0      1
-9010327      Anti-K3(2320)+        2.32400        0.150000        7               0     -1      0      0      0.5     -1      1
9010317       K3(2320)0             2.32400        0.150000        7               0      1      0      0      0.5      0      1
9010327       K3(2320)+             2.32400        0.150000        7               0      1      0      0      0.5      1      1
7030331       f0(2330)              2.32400        0.194000        1               0      0      0      0      0.0      0      1
-9853124      Anti-Lambda(2325)     2.32500        0.168000        4              -1      1      0      0      0.0      0      4
9853124       Lambda(2325)          2.32500        0.168000        4               1     -1      0      0      0.0      0      4
-8000217      rho5(2350)-           2.33000        0.400000        11              0      0      0      0      1.0     -1      1
8000117       rho5(2350)0           2.33000        0.400000        11              0      0      0      0      1.0      0      1
8000217       rho5(2350)+           2.33000        0.400000        11              0      0      0      0      1.0      1      1
7300221       X(2370)               2.34160        0.117000        1               0      0      0      0      0.0      0      2
9090225       f2(2340)              2.34500        0.322000        5               0      0      0      0      0.0      0      2
-9903128      Anti-Lambda(2350)     2.35000        0.150000        10             -1      1      0      0      0.0      0      7
9903128       Lambda(2350)          2.35000        0.150000        10              1     -1      0      0      0.0      0      7
-9831116      Anti-Delta(2350)-     2.35000        0.350000        6              -1      0      0      0      1.5      1      2
-9831216      Anti-Delta(2350)0     2.35000        0.350000        6              -1      0      0      0      1.5      0      3
-9832126      Anti-Delta(2350)+     2.35000        0.350000        6              -1      0      0      0      1.5     -1      3
-9832226      Anti-Delta(2350)++    2.35000        0.350000        6              -1      0      0      0      1.5     -2      2
9831116       Delta(2350)-          2.35000        0.350000        6               1      0      0      0      1.5     -1      2
9831216       Delta(2350)0          2.35000        0.350000        6               1      0      0      0      1.5      0      3
9832126       Delta(2350)+          2.35000        0.350000        6               1      0      0      0      1.5      1      3
9832226       Delta(2350)++         2.35000        0.350000        6               1      0      0      0      1.5      2      2
-9913318      Anti-Ksi(2370)-       2.37000        0.080000        10             -1      2      0      0      0.5      1      12
-9913328      Anti-Ksi(2370)0       2.37000        0.080000        10             -1      2      0      0      0.5      0      12
9913318       Ksi(2370)-            2.37000        0.080000        10              1     -2      0      0      0.5     -1      12
9913328       Ksi(2370)0            2.37000        0.080000        10              1     -2      0      0      0.5      0      12
-8200317      Anti-K5*(2380)0       2.38200        0.178000        11              0     -1      0      0      0.5      0      3
-8200327      Anti-K5*(2380)+       2.38200        0.178000        11              0     -1      0      0      0.5     -1      3
8200317       K5*(2380)0            2.38200        0.178000        11              0      1      0      0      0.5      0      3
8200327       K5*(2380)+            2.38200        0.178000        11              0      1      0      0      0.5      1      3
-9803336      Anti-Omega(2380)      2.38400        0.026000        6              -1      3      0      0      0.0      1      4
9803336       Omega(2380)           2.38400        0.026000        6               1     -3      0      0      0.0     -1      4
-9821118      Anti-Delta(2390)-     2.39000        0.300000        8              -1      0      0      0      1.5      1      2
-9822118      Anti-Delta(2390)0     2.39000        0.300000        8              -1      0      0      0      1.5      0      3
-9822218      Anti-Delta(2390)+     2.39000        0.300000        8              -1      0      0      0      1.5     -1      3
-9822228      Anti-Delta(2390)++    2.39000        0.300000        8              -1      0      0      0      1.5     -2      2
9821118       Delta(2390)-          2.39000        0.300000        8               1      0      0      0      1.5     -1      2
9822118       Delta(2390)0          2.39000        0.300000        8               1      0      0      0      1.5      0      3
9822218       Delta(2390)+          2.39000        0.300000        8               1      0      0      0      1.5      1      3
9822228       Delta(2390)++         2.39000        0.300000        8               1      0      0      0      1.5      2      2
-9911118      Anti-Delta(2420)-     2.45000        0.500000        12             -1      0      0      0      1.5      1      2
-9911218      Anti-Delta(2420)0     2.45000        0.500000        12             -1      0      0      0      1.5      0      3
-9912128      Anti-Delta(2420)+     2.45000        0.500000        12             -1      0      0      0      1.5     -1      3
-9912228      Anti-Delta(2420)++    2.45000        0.500000        12             -1      0      0      0      1.5     -2      2
9911118       Delta(2420)-          2.45000        0.500000        12              1      0      0      0      1.5     -1      2
9911218       Delta(2420)0          2.45000        0.500000        12              1      0      0      0      1.5      0      3
9912128       Delta(2420)+          2.45000        0.500000        12              1      0      0      0      1.5      1      3
9912228       Delta(2420)++         2.45000        0.500000        12              1      0      0      0      1.5      2      2
-9893114      Anti-Sigma(2455)-     2.45500        0.120000        4              -1      1      0      0      1.0      1      2
-9893214      Anti-Sigma(2455)0     2.45500        0.120000        4              -1      1      0      0      1.0      0      3
-9893224      Anti-Sigma(2455)+     2.45500        0.120000        4              -1      1      0      0      1.0     -1      2
9893114       Sigma(2455)-          2.45500        0.120000        4               1     -1      0      0      1.0     -1      2
9893214       Sigma(2455)0          2.45500        0.120000        4               1     -1      0      0      1.0      0      3
9893224       Sigma(2455)+          2.45500        0.120000        4               1     -1      0      0      1.0      1      2
8000229       f6(2510)              2.46500        0.255000        13              0      0      0      0      0.0      0      3
-9901116      Anti-Delta(2400)-     2.47000        0.570000        10             -1      0      0      0      1.5      1      2
-9901216      Anti-Delta(2400)0     2.47000        0.570000        10             -1      0      0      0      1.5      0      3
-9902126      Anti-Delta(2400)+     2.47000        0.570000        10             -1      0      0      0      1.5     -1      3
-9902226      Anti-Delta(2400)++    2.47000        0.570000        10             -1      0      0      0      1.5     -2      2
9901116       Delta(2400)-          2.47000        0.570000        10              1      0      0      0      1.5     -1      2
9901216       Delta(2400)0          2.47000        0.570000        10              1      0      0      0      1.5      0      3
9902126       Delta(2400)+          2.47000        0.570000        10              1      0      0      0      1.5      1      3
9902226       Delta(2400)++         2.47000        0.570000        10              1      0      0      0      1.5      2      2
-9903338      Anti-Omega(2470)      2.47400        0.072000        12             -1      3      0      0      0.0      1      1
9903338       Omega(2470)           2.47400        0.072000        12              1     -3      0      0      0.0     -1      1
-9000319      Anti-K4(2500)0        2.49000        0.250000        9               0     -1      0      0      0.5      0      1
-9000329      Anti-K4(2500)+        2.49000        0.250000        9               0     -1      0      0      0.5     -1      1
9000319       K4(2500)0             2.49000        0.250000        9               0      1      0      0      0.5      0      1
9000329       K4(2500)+             2.49000        0.250000        9               0      1      0      0      0.5      1      1
-9923318      Anti-Ksi(2500)-       2.50000        0.100000        12             -1      2      0      0      0.5      1      15
-9923328      Anti-Ksi(2500)0       2.50000        0.100000        12             -1      2      0      0      0.5      0      15
9923318       Ksi(2500)-            2.50000        0.100000        12              1     -2      0      0      0.5     -1      15
9923328       Ksi(2500)0            2.50000        0.100000        12              1     -2      0      0      0.5      0      15
-9852116      Anti-N(2570)0         2.57000        0.250000        6              -1      0      0      0      0.5      0      1
-9852216      Anti-N(2570)+         2.57000        0.250000        6              -1      0      0      0      0.5     -1      1
9852116       N(2570)0              2.57000        0.250000        6               1      0      0      0      0.5      0      1
9852216       N(2570)+              2.57000        0.250000        6               1      0      0      0      0.5      1      1
-9902112      Anti-N(2600)0         2.60000        0.650000        12             -1      0      0      0      0.5      0      3
-9902212      Anti-N(2600)+         2.60000        0.650000        12             -1      0      0      0      0.5     -1      3
9902112       N(2600)0              2.60000        0.650000        12              1      0      0      0      0.5      0      3
9902212       N(2600)+              2.60000        0.650000        12              1      0      0      0      0.5      1      3
-9902114      Anti-N(2700)0         2.61200        0.350000        14             -1      0      0      0      0.5      0      3
-9902214      Anti-N(2700)+         2.61200        0.350000        14             -1      0      0      0      0.5     -1      3
9902114       N(2700)0              2.61200        0.350000        14              1      0      0      0      0.5      0      3
9902214       N(2700)+              2.61200        0.350000        14              1      0      0      0      0.5      1      3
-9843116      Anti-Sigma(2620)-     2.62000        0.200000        6              -1      1      0      0      1.0      1      2
-9843216      Anti-Sigma(2620)0     2.62000        0.200000        6              -1      1      0      0      1.0      0      3
-9843226      Anti-Sigma(2620)+     2.62000        0.200000        6              -1      1      0      0      1.0     -1      2
9843116       Sigma(2620)-          2.62000        0.200000        6               1     -1      0      0      1.0     -1      2
9843216       Sigma(2620)0          2.62000        0.200000        6               1     -1      0      0      1.0      0      3
9843226       Sigma(2620)+          2.62000        0.200000        6               1     -1      0      0      1.0      1      2
-9911116      Anti-Delta(2750)-     2.79400        0.350000        14             -1      0      0      0      1.5      1      2
-9911216      Anti-Delta(2750)0     2.79400        0.350000        14             -1      0      0      0      1.5      0      3
-9912126      Anti-Delta(2750)+     2.79400        0.350000        14             -1      0      0      0      1.5     -1      3
-9912226      Anti-Delta(2750)++    2.79400        0.350000        14             -1      0      0      0      1.5     -2      2
9911116       Delta(2750)-          2.79400        0.350000        14              1      0      0      0      1.5     -1      2
9911216       Delta(2750)0          2.79400        0.350000        14              1      0      0      0      1.5      0      3
9912126       Delta(2750)+          2.79400        0.350000        14              1      0      0      0      1.5      1      3
9912226       Delta(2750)++         2.79400        0.350000        14              1      0      0      0      1.5      2      2
-9921118      Anti-Delta(2950)-     2.99000        0.330000        16             -1      0      0      0      1.5      1      2
-9921218      Anti-Delta(2950)0     2.99000        0.330000        16             -1      0      0      0      1.5      0      3
-9922128      Anti-Delta(2950)+     2.99000        0.330000        16             -1      0      0      0      1.5     -1      3
-9922228      Anti-Delta(2950)++    2.99000        0.330000        16             -1      0      0      0      1.5     -2      2
9921118       Delta(2950)-          2.99000        0.330000        16              1      0      0      0      1.5     -1      2
9921218       Delta(2950)0          2.99000        0.330000        16              1      0      0      0      1.5      0      3
9922128       Delta(2950)+          2.99000        0.330000        16              1      0      0      0      1.5      1      3
9922228       Delta(2950)++         2.99000        0.330000        16              1      0      0      0      1.5      2      2
-9823118      Anti-Sigma(3170)-     3.17000        0.015000        8              -1      1      0      0      1.0      1      1
-9823218      Anti-Sigma(3170)0     3.17000        0.015000        8              -1      1      0      0      1.0      0      1
-9823228      Anti-Sigma(3170)+     3.17000        0.015000        8              -1      1      0      0      1.0     -1      1
9823118       Sigma(3170)-          3.17000        0.015000        8               1     -1      0      0      1.0     -1      1
9823218       Sigma(3170)0          3.17000        0.015000        8               1     -1      0      0      1.0      0      1
9823228       Sigma(3170)+          3.17000        0.015000        8               1     -1      0      0      1.0      1      1