# the list of decays
# each entry consists of the following:
# a line with the pdgid of decaying particle
# a line with the number of decay channels
# for each channel a line containing whitespace-separated values of the channel branching ratio and pdg ids of the daughter products
# everything after the # symbol is treated as a comment and ignored
# decays of antiparticles are not listed but generated from the listed decays of particles

113
1
1	211	-211

115
6
0.105	223	211	-211
0.35	213	-211
0.35	-213	211
0.145	221	111
0.025	321	-321
0.025	311	-311

213
1
1	211	111

215
5
0.105	223	211	111
0.35	213	111
0.35	113	211
0.145	221	211
0.05	321	-311

221
3
0.543478543	111	111	111
0.377926378	211	111	-211
0.078595079	211	-211	

223
3
0.895477387	211	111	-211
0.087437186	111	
0.017085427	211	-211

225
6
0.07	211	-211	111	111
0.03	211	211	-211	-211
0.567	211	-211
0.283	111	111
0.025	321	-321
0.025	311	-311

313
2
0.667	321	-211
0.333	311	111

315
10
0.065	313	211	-211
0.043	323	-211	111
0.022	313	111	111
0.331	321	-211
0.166	311	111
0.168	323	-211
0.084	313	111
0.059	321	-213
0.029	311	113
0.033	311	223

323
2
0.667	311	211
0.333	321	111

325
10
0.065	323	211	-211
0.043	313	211	111
0.022	323	111	111
0.331	311	211
0.166	321	111
0.168	313	211
0.084	323	111
0.059	311	213
0.029	321	113
0.033	321	223

331
4
0.453429	211	-211	221
0.21392	111	111	221
0.301945	113	
0.030706	223	

333
7
0.027054108	211	111	-211
0.492985972	321	-321
0.337675351	311	-311
0.043086172	213	-211
0.043086172	113	111
0.043086172	-213	211
0.013026052	221	

335
5
0.444	321	-321
0.444	311	-311
0.103	221	221
0.006	211	-211
0.003	111	111

1112
3
0.333333333	2112	-211
0.4	1114	111
0.266666667	2114	-211

1114
1
1	2112	-211

1212
5
0.222666667	2112	111
0.110666667	2212	-211
0.266666667	1114	211
0.044	2114	111
0.356	2214	-211

1214
7
0.04	2112	211	-211
0.020606061	2112	111	111
0.444848485	2212	-211
0.221818182	2112	111
0.135757576	1114	211
0.090909091	2114	111
0.046060606	2214	-211

2114
3
0.662	2112	111
0.331	2212	-211
0.007	2112	

2122
5
0.222666667	2212	111
0.110666667	2112	211
0.266666667	2224	-211
0.044	2214	111
0.356	2114	211

2124
7
0.04	2212	211	-211
0.020606061	2212	111	111
0.444848485	2112	211
0.221818182	2212	111
0.135757576	2224	-211
0.090909091	2214	111
0.046060606	2114	211

2214
3
0.662	2212	111
0.331	2112	211
0.007	2212	

2222
3
0.333333333	2212	211
0.4	2224	111
0.266666667	2214	211

2224
1
1	2212	211

3114
3
0.88	3122	-211
0.06	3112	111
0.06	3212	-211

3124
11
0.067	3122	211	-211
0.033	3122	111	111
0.003	3222	-211	111
0.003	3212	211	-211
0.003	3112	211	111
0.14	3222	-211
0.14	3212	111
0.14	3112	211
0.23	2212	-321
0.23	2112	-311
0.011	3122	

3212
1
1	3122	

3214
3
0.88	3122	111
0.06	3222	-211
0.06	3112	211

3224
3
0.88	3122	211
0.06	3222	111
0.06	3212	211

3314
2
0.5	3312	111
0.5	3322	-211

3324
2
0.5	3322	111
0.5	3312	211

10111
1
1	221	111

10113
1
1	223	111

10211
1
1	221	211

10213
1
1	223	211

10221
2
0.666666667	211	-211
0.333333333	111	111

10223
3
0.333	213	-211
0.334	113	111
0.333	-213	211

10311
2
0.667	321	-211
0.333	311	111

10313
4
0.325581395	321	-213
0.162790698	311	113
0.340697674	323	-211
0.170930233	313	111

10321
2
0.667	311	211
0.333	321	111

10323
4
0.325581395	311	213
0.162790698	321	113
0.340697674	313	211
0.170930233	323	111

12112
7
0.067	2112	211	-211
0.033	2112	111	111
0.433	2212	-211
0.217	2112	111
0.125	1114	211
0.083	2114	111
0.042	2214	-211

12212
7
0.067	2212	211	-211
0.033	2212	111	111
0.433	2112	211
0.217	2212	111
0.125	2224	-211
0.083	2214	111
0.042	2114	211

13122
3
0.333	3222	-211
0.334	3212	111
0.333	3112	211

20111
4
0.533	211	111	-211
0.133	111	111	111
0.167	213	-211
0.167	-213	211

20113
2
0.5	213	-211
0.5	-213	211

20211
4
0.4	211	211	-211
0.266	211	111	111
0.167	213	111
0.167	113	211

20213
2
0.5	113	211
0.5	213	111

20221
4
0.1	221	211	-211
0.3	10211	-211
0.3	10111	111
0.3	-10211	211

20223
12
0.15	211	-211	111	111
0.066	221	211	-211
0.033	221	111	111
0.15	113	-211	211
0.016	321	-321	111
0.016	311	-311	111
0.033	321	-311	-211
0.033	-321	311	211
0.146	10211	-211
0.146	10111	111
0.146	-10211	211
0.065	113	

20313
2
0.667	323	-211
0.333	313	111

20323
2
0.667	313	211
0.333	323	111

22112
5
0.036666667	2112	211	-211
0.018888889	2112	111	111
0.333333333	2212	-211
0.166666667	2112	111
0.444444444	2112	221

22212
5
0.036666667	2212	211	-211
0.018888889	2212	111	111
0.333333333	2112	211
0.166666667	2212	111
0.444444444	2212	221

23122
5
0.217	3222	-211
0.216	3212	111
0.217	3112	211
0.175	2212	-321
0.175	2112	-311

30221
4
0.624	211	-211
0.312	111	111
0.032	321	-321
0.032	311	-311

30223
4
0.333	211	-321	311
0.333	-211	321	-311
0.167	111	321	-321
0.167	111	311	-311

30313
4
0.623	323	-211
0.311	313	111
0.044	321	-211
0.022	311	111

30323
4
0.623	313	211
0.311	323	111
0.044	311	211
0.022	321	111

31114
4
0.166666667	2112	-211
0.366666667	1114	111
0.244444444	2114	-211
0.222222222	12112	-211

32112
7
0.543023256	2212	-211
0.270930233	2112	111
0.011627907	2112	221
0.081395349	3122	311
0.046511628	1114	211
0.031395349	2114	111
0.015116279	2214	-211

32114
7
0.111111111	2112	111
0.055555556	2212	-211
0.244444444	1114	211
0.041111111	2114	111
0.325555556	2214	-211
0.147777778	12112	111
0.074444444	12212	-211

32212
7
0.543023256	2112	211
0.270930233	2212	111
0.011627907	2212	221
0.081395349	3122	321
0.046511628	2224	-211
0.031395349	2214	111
0.015116279	2114	211

32214
7
0.111111111	2212	111
0.055555556	2112	211
0.244444444	2224	-211
0.041111111	2214	111
0.325555556	2114	211
0.147777778	12212	111
0.074444444	12112	211

32224
4
0.166666667	2212	211
0.366666667	2224	111
0.244444444	2214	211
0.222222222	12212	211

40113
1
1	211	-211

40213
1
1	211	111

40221
9
0.145	211	-321	311
0.145	-211	321	-311
0.072	111	311	-311
0.072	111	321	-321
0.145	221	211	-211
0.073	221	111	111
0.116	10111	111
0.116	10211	-211
0.116	-10211	211

50221
3
0.222101842	111	111	111	111
0.27843987	221	221
0.499458288	111	111

50223
3
0.333	213	-211
0.334	113	111
0.333	-213	211

60223
5
0.246	223	211	-211
0.122	223	111	111
0.211	213	-211
0.21	113	111
0.211	-213	211
