# the list of decays
# each entry consists of the following:
# a line with the pdgid of decaying particle
# a line with the number of decay channels
# for each channel a line containing whitespace-separated values of the channel branching ratio and pdg ids of the daughter products
# everything after the # symbol is treated as a comment and ignored
# decays of antiparticles are not listed but generated from the listed decays of particles

9913328					
8					
0.8	9803328	22			
0.05	3122	-321	211		
0.05	3122	-311	111		
0.02	3112	-311	211		
0.02	3212	-321	211		
0.02	3212	-311	111		
0.02	3222	-321	111		
0.02	3222	-311	-211		
					
9913318					
8					
0.8	9803318	22			
0.05	3122	-321	111		
0.05	3122	-311	-211		
0.02	3112	-321	211		
0.02	3112	-311	111		
0.02	3212	-321	111		
0.02	3212	-311	-211		
0.02	3222	-321	-211		
					
9912228					
2					
0.94	9822228	22			
0.06	2212	211			
					
9912218					
3					
0.9	2128	22			
0.05	2112	211			
0.05	2212	111			
					
9912128					
3					
0.94	9822218	22			
0.03	2112	211			
0.03	2212	111			
					
9912118					
3					
0.9	1218	22			
0.05	2112	111			
0.05	2212	-211			
					
9911218					
3					
0.94	9822118	22			
0.03	2112	111			
0.03	2212	-211			
					
9911118					
2					
0.94	9821118	22			
0.06	2112	-211			
					
9903332					
2					
0.8	9803336	22			
0.2	3334	-211	211		
					
9903328					
11					
0.8	9803328	22			
0.033	3122	-321	211		
0.033	3122	-311	111		
0.023	3322	111	111		
0.022	3312	211	111		
0.022	3322	-211	211		
0.014	3212	-311	111		
0.014	3222	-321	111		
0.013	3112	-311	211		
0.013	3212	-321	211		
0.013	3222	-311	-211		
					
9903322					
11					
0.8	9913328	22			
0.04	3122	-311			
0.02	3212	-311			
0.02	3222	-321			
0.02	3312	211			
0.02	3314	211			
0.02	3322	111			
0.02	3324	111			
0.014	3322	111	111		
0.013	3312	211	111		
0.013	3322	-211	211		
					
9903318					
11					
0.8	9803318	22			
0.033	3122	-321	111		
0.033	3122	-311	-211		
0.023	3312	111	111		
0.022	3312	-211	211		
0.022	3322	-211	111		
0.014	3112	-311	111		
0.014	3212	-321	111		
0.013	3112	-321	211		
0.013	3212	-311	-211		
0.013	3222	-321	-211		
					
9903312					
11					
0.8	9913318	22			
0.04	3122	-321			
0.02	3112	-311			
0.02	3212	-321			
0.02	3312	111			
0.02	3314	111			
0.02	3322	-211			
0.02	3324	-211			
0.014	3312	111	111		
0.013	3312	-211	211		
0.013	3322	-211	111		
					
9903128					
6					
0.78	3128	22			
0.06	2112	-311			
0.06	2212	-321			
0.0334	3212	111			
0.0333	3112	211			
0.0333	3222	-211			
					
9902228					
2					
0.955	9812228	22			
0.045	2212	211			
					
9902226					
2					
0.96	9902224	22			
0.04	2212	211			
					
9902224					
2					
0.96	9902222	22			
0.04	2212	211			
					
9902222					
2					
0.9	9822228	22			
0.1	2212	211			
					
9902218					
3					
0.8	2128	22			
0.1	2112	211			
0.1	2212	111			
					
9902214					
3					
0.96	9902212	22			
0.02	2112	211			
0.02	2212	111			
					
9902212					
3					
0.925	9882212	22			
0.0375	2112	211			
0.0375	2212	111			
					
9902128					
3					
0.955	9812218	22			
0.0225	2112	211			
0.0225	2212	111			
					
9902126					
3					
0.96	9902124	22			
0.02	2112	211			
0.02	2212	111			
					
9902124					
3					
0.96	9902122	22			
0.02	2112	211			
0.02	2212	111			
					
9902122					
3					
0.9	9822218	22			
0.05	2112	211			
0.05	2212	111			
					
9902118					
3					
0.8	1218	22			
0.1	2112	111			
0.1	2212	-211			
					
9902114					
3					
0.96	9902112	22			
0.02	2112	111			
0.02	2212	-211			
					
9902112					
3					
0.925	9882112	22			
0.0375	2112	111			
0.0375	2212	-211			
					
9901218					
3					
0.955	9812118	22			
0.0225	2112	111			
0.0225	2212	-211			
					
9901216					
3					
0.96	9901214	22			
0.02	2112	111			
0.02	2212	-211			
					
9901214					
3					
0.96	9901212	22			
0.02	2112	111			
0.02	2212	-211			
					
9901212					
3					
0.9	9822118	22			
0.05	2112	111			
0.05	2212	-211			
					
9901118					
2					
0.955	9811118	22			
0.045	2112	-211			
					
9901116					
2					
0.96	9901114	22			
0.04	2112	-211			
					
9901114					
2					
0.96	9901112	22			
0.04	2112	-211			
					
9901112					
2					
0.9	9821118	22			
0.1	2112	-211			
					
9893224					
2					
0.7	9833226	22			
0.3	2212	-311			
					
9893214					
3					
0.7	9833216	22			
0.15	2212	-321			
0.15	2112	-311			
					
9893114					
2					
0.7	9833116	22			
0.3	2112	-321			
					
9883224					
11					
0.345	2212	-313			
0.141	3124	211			
0.121	3122	211			
0.111	2224	-321			
0.111	2214	-311			
0.061	2212	-311			
0.035	3224	111			
0.035	3214	211			
0.02	3322	321			
0.01	3222	111			
0.01	3212	211			
					
9883214					
16					
0.172	2212	-323			
0.172	2112	-313			
0.14	3124	111			
0.121	3122	111			
0.111	2214	-321			
0.111	2114	-311			
0.03	2212	-321			
0.03	2112	-311			
0.024	3224	-211			
0.024	3214	111			
0.024	3114	211			
0.01	3322	311			
0.01	3312	321			
0.007	3222	-211			
0.007	3212	111			
0.007	3112	211			
					
9883114					
11					
0.345	2112	-323			
0.141	3124	-211			
0.121	3122	-211			
0.111	2114	-321			
0.111	1114	-311			
0.061	2112	-321			
0.035	3214	-211			
0.035	3114	111			
0.02	3312	311			
0.01	3212	-211			
0.01	3112	111			
					
9882212					
1					
1.0	2128	22			
					
9882112					
1					
1.0	1218	22			
					
9873224					
4					
0.95	3228	22			
0.025	2212	-311			
0.0125	3212	211			
0.0125	3222	111			
					
9873214					
6					
0.95	3218	22			
0.0125	2112	-311			
0.0125	2212	-321			
0.0084	3212	111			
0.0083	3112	211			
0.0083	3222	-211			
					
9873122					
4					
0.57	23124	22			
0.16	3122	221			
0.135	2112	-311			
0.135	2212	-321			
					
9873114					
4					
0.95	3118	22			
0.025	2112	-321			
0.0125	3112	111			
0.0125	3212	-211			
					
9872212					
10					
0.25	9862212	22			
0.15	22112	211			
0.15	22212	111			
0.1	2112	211	111		
0.1	2212	-211	211		
0.1	2212	111	111		
0.065	2112	211			
0.065	2212	111			
0.01	2212	221			
0.01	3122	321			
					
9872112					
10					
0.25	9862112	22			
0.15	22112	111			
0.15	22212	-211			
0.1	2112	-211	211		
0.1	2112	111	111		
0.1	2212	-211	111		
0.065	2112	111			
0.065	2212	-211			
0.01	2112	221			
0.01	3122	311			
					
9863224					
11					
0.518	2212	-313			
0.137	3124	211			
0.069	2212	-311			
0.059	2224	-321			
0.059	2214	-311			
0.049	3122	211			
0.029	3322	321			
0.025	3224	111			
0.025	3214	211			
0.015	3222	111			
0.015	3212	211			
					
9863222					
5					
0.574	3122	211			
0.309	2212	-311			
0.043	2212	-313			
0.037	3222	111			
0.037	3212	211			
					
9863214					
16					
0.26	2212	-323			
0.26	2112	-313			
0.137	3124	111			
0.059	2214	-321			
0.059	2114	-311			
0.049	3122	111			
0.034	2212	-321			
0.034	2112	-311			
0.016	3224	-211			
0.016	3214	111			
0.016	3114	211			
0.015	3322	311			
0.015	3312	321			
0.01	3222	-211			
0.01	3212	111			
0.01	3112	211			
					
9863212					
8					
0.574	3122	111			
0.154	2212	-321			
0.154	2112	-311			
0.025	3222	-211			
0.025	3212	111			
0.025	3112	211			
0.022	2112	-313			
0.021	2212	-323			
					
9863122					
9					
0.252941176	2112	-311			
0.252941176	2212	-321			
0.082352941	3112	211			
0.082352941	3212	111			
0.082352941	3222	-211			
0.08	3214	111			
0.077647059	3114	211			
0.077647059	3224	-211			
0.011764706	13124	22			
					
9863114					
11					
0.518	2112	-323			
0.137	3124	-211			
0.069	2112	-321			
0.059	2114	-321			
0.059	1114	-311			
0.049	3122	-211			
0.029	3312	311			
0.025	3214	-211			
0.025	3114	111			
0.015	3212	-211			
0.015	3112	111			
					
9863112					
5					
0.574	3122	-211			
0.309	2112	-321			
0.043	2112	-323			
0.037	3212	-211			
0.037	3112	111			
					
9862212					
13					
0.231	2212	223			
0.206	2212	221			
0.165	2212	331			
0.103	3122	321			
0.054	3212	321			
0.054	3222	311			
0.041	2112	211			
0.041	2212	111			
0.021	2114	211			
0.021	2214	111			
0.021	2224	-211			
0.021	12112	211			
0.021	12212	111			
					
9862124					
11					
0.132	22112	211			
0.131	22212	111			
0.122	2224	-211			
0.122	2214	111			
0.122	2114	211			
0.117	2212	223			
0.088	3122	321			
0.049	2112	211			
0.049	2212	111			
0.039	2212	331			
0.029	2212	221			
					
9862112					
12					
0.23	2112	223			
0.206	2112	221			
0.165	2112	331			
0.103	3122	311			
0.053	3112	321			
0.053	3212	311			
0.041	2112	111			
0.041	2212	-211			
0.033	2114	111			
0.033	2214	-211			
0.021	12112	111			
0.021	12212	-211			
					
9861214					
11					
0.132	22112	111			
0.131	22212	-211			
0.122	2214	-211			
0.122	2114	111			
0.122	1114	211			
0.117	2112	223			
0.088	3122	311			
0.049	2112	111			
0.049	2212	-211			
0.039	2112	331			
0.029	2112	221			
					
9853224					
7					
0.56	9853222	22			
0.13	2212	-311			
0.11	3214	211			
0.11	3224	111			
0.05	3122	211			
0.02	3212	211			
0.02	3222	111			
					
9853222					
11					
0.516	2212	-311			
0.117	3222	111			
0.117	3212	211			
0.067	2212	-313			
0.056	3122	211			
0.033	3224	111			
0.033	3214	211			
0.028	3322	321			
0.012	2224	-321			
0.012	2214	-311			
0.009	3222	221			
					
9853214					
10					
0.56	9853212	22			
0.074	3214	111			
0.073	3114	211			
0.073	3224	-211			
0.065	2112	-311			
0.065	2212	-321			
0.05	3124	111			
0.014	3212	111			
0.013	3112	211			
0.013	3222	-211			
					
9853212					
16					
0.258	2212	-321			
0.258	2112	-311			
0.078	3222	-211			
0.078	3212	111			
0.078	3112	211			
0.056	3122	111			
0.033	2212	-323			
0.033	2112	-313			
0.022	3224	-211			
0.022	3214	111			
0.022	3114	211			
0.014	3312	321			
0.014	3322	311			
0.012	2214	-321			
0.012	2114	-311			
0.01	3212	221			
					
9853124					
4					
0.78	23126	22			
0.1	2112	-311			
0.1	2212	-321			
0.02	3122	223			
					
9853114					
7					
0.56	9853112	22			
0.13	2112	-321			
0.11	3114	111			
0.11	3214	-211			
0.05	3124	-211			
0.02	3112	111			
0.02	3212	-211			
					
9853112					
11					
0.516	2112	-321			
0.117	3112	111			
0.117	3212	-211			
0.067	2112	-323			
0.056	3122	-211			
0.033	3114	111			
0.033	3214	-211			
0.028	3312	311			
0.012	1114	-311			
0.012	2114	-321			
0.009	3112	221			
					
9852216					
1					
1.0	9882212	22			
					
9852212					
11					
0.188679245	2212	-211	211		
0.188679245	2112	211	111		
0.188679245	2212	111	111		
0.094339623	2212	221			
0.094339623	3212	321			
0.094339623	3222	311			
0.037735849	22112	211			
0.037735849	22212	111			
0.028301887	2112	211			
0.028301887	2212	111			
0.018867925	3122	321			
					
9852124					
1					
1.0	9862212	22			
					
9852116					
1					
1.0	9882112	22			
					
9852112					
11					
0.188679245	2112	-211	211		
0.188679245	2112	111	111		
0.188679245	2212	-211	111		
0.094339623	2112	221			
0.094339623	3112	321			
0.094339623	3212	311			
0.037735849	22112	111			
0.037735849	22212	-211			
0.028301887	2112	111			
0.028301887	2212	-211			
0.018867925	3122	311			
					
9851214					
1					
1.0	9862112	22			
					
9843226					
2					
0.9	9893224	22			
0.1	2212	-311			
					
9843224					
5					
0.7	3122	211			
0.16	13224	22			
0.06	3212	211			
0.06	3222	111			
0.02	2212	-311			
					
9843222					
5					
0.8	23222	22			
0.066	2212	-311			
0.066	3122	211			
0.034	3212	211			
0.034	3222	111			
					
9843216					
3					
0.9	9893214	22			
0.05	2212	-321			
0.05	2112	-311			
					
9843214					
7					
0.7	3122	111			
0.16	13214	22			
0.04	3112	211			
0.04	3212	111			
0.04	3222	-211			
0.01	2112	-311			
0.01	2212	-321			
					
9843212					
7					
0.8	23212	22			
0.066	3122	111			
0.034	2112	-311			
0.034	2212	-321			
0.022	3112	211			
0.022	3212	111			
0.022	3222	-211			
					
9843124					
13					
0.287	2212	-323			
0.287	2112	-313			
0.097	3122	223			
0.052	2212	-321			
0.052	2112	-311			
0.035	3224	-211			
0.035	3214	111			
0.035	3114	211			
0.03	3322	311			
0.03	3312	321			
0.02	3222	-211			
0.02	3212	111			
0.02	3112	211			
					
9843116					
2					
0.9	9893114	22			
0.1	2112	-321			
					
9843114					
5					
0.7	3122	-211			
0.16	13114	22			
0.06	3112	111			
0.06	3212	-211			
0.02	2112	-321			
					
9843112					
5					
0.8	23112	22			
0.066	2112	-321			
0.066	3122	-211			
0.034	3112	111			
0.034	3212	-211			
					
9842224					
6					
0.734	2212	213			
0.092	2224	221			
0.073	22212	211			
0.037	2212	211			
0.032	2224	111			
0.032	2214	211			
					
9842222					
2					
0.92	9822226	22			
0.08	2212	211			
					
9842216					
16					
0.37	9832216	22			
0.075	1214	211			
0.075	2124	111			
0.075	12116	211			
0.075	12216	111			
0.047	2112	211			
0.047	2212	111			
0.045	12112	211			
0.045	12212	111			
0.04	2212	221			
0.024	2112	211	111		
0.024	2212	-211	211		
0.023	2212	111	111		
0.015	3212	321			
0.015	3222	311			
0.005	3122	321			
					
9842214					
10					
0.367	2212	113			
0.367	2112	213			
0.093	2214	221			
0.037	22212	111			
0.037	22112	211			
0.021	2224	-211			
0.021	2214	111			
0.021	2114	211			
0.018	2212	111			
0.018	2112	211			
					
9842124					
9					
0.3	2212	221			
0.3	2212	223			
0.1	3122	321			
0.0667	2112	211			
0.0667	3222	311			
0.0667	22112	211			
0.0333	2212	111			
0.0333	3212	321			
0.0333	22212	111			
					
9842122					
3					
0.92	9822126	22			
0.04	2112	211			
0.04	2212	111			
					
9842116					
16					
0.37	9832116	22			
0.075	1214	111			
0.075	2124	-211			
0.075	12116	111			
0.075	12216	-211			
0.047	2112	111			
0.047	2212	-211			
0.045	12112	111			
0.045	12212	-211			
0.04	2112	221			
0.024	2112	-211	211		
0.024	2212	-211	111		
0.023	2112	111	111		
0.015	3112	321			
0.015	3212	311			
0.005	3122	311			
					
9842114					
10					
0.367	2212	-213			
0.367	2112	113			
0.093	2114	221			
0.037	22212	-211			
0.037	22112	111			
0.021	2214	-211			
0.021	2114	111			
0.021	1114	211			
0.018	2212	-211			
0.018	2112	111			
					
9841214					
9					
0.3	2112	221			
0.3	2112	223			
0.1	3122	311			
0.0667	2212	-211			
0.0667	3112	321			
0.0667	22212	-211			
0.0333	2112	111			
0.0333	3212	311			
0.0333	22112	111			
					
9841212					
3					
0.92	9821216	22			
0.04	2112	111			
0.04	2212	-211			
					
9841114					
6					
0.734	2112	-213			
0.092	1114	221			
0.073	22112	-211			
0.037	2112	-211			
0.032	2114	-211			
0.032	1114	111			
					
9841112					
2					
0.92	9821116	22			
0.08	2112	-211			
					
9833226					
5					
0.85	9813228	22			
0.1	2212	-311			
0.025	3122	211			
0.0125	3212	211			
0.0125	3222	111			
					
9833224					
5					
0.8	3224	22			
0.066	2212	-311			
0.066	3122	211			
0.034	3212	211			
0.034	3222	111			
					
9833222					
5					
0.37	3224	22			
0.36	2212	-311			
0.09	3122	211			
0.09	3212	211			
0.09	3222	111			
					
9833216					
7					
0.85	9813218	22			
0.05	2112	-311			
0.05	2212	-321			
0.025	3122	111			
0.0084	3212	111			
0.0083	3112	211			
0.0083	3222	-211			
					
9833214					
7					
0.8	3214	22			
0.066	3122	111			
0.034	2112	-311			
0.034	2212	-321			
0.022	3112	211			
0.022	3212	111			
0.022	3222	-211			
					
9833212					
7					
0.37	3214	22			
0.18	2112	-311			
0.18	2212	-321			
0.09	3122	111			
0.06	3112	211			
0.06	3212	111			
0.06	3222	-211			
					
9833126					
13					
0.228	2212	-323			
0.228	2112	-313			
0.131	3122	223			
0.065	3224	-211			
0.065	3214	111			
0.065	3114	211			
0.06	2212	-321			
0.06	2112	-311			
0.022	3322	311			
0.022	3312	321			
0.018	3222	-211			
0.018	3212	111			
0.018	3112	211			
					
9833124					
11					
0.4	3126	22			
0.115	2112	-313			
0.115	2212	-323			
0.095	2112	-311			
0.095	2212	-321			
0.04	3114	211			
0.04	3214	111			
0.04	3224	-211			
0.02	3112	211			
0.02	3212	111			
0.02	3222	-211			
					
9833116					
5					
0.85	9813118	22			
0.1	2112	-321			
0.025	3122	-211			
0.0125	3112	111			
0.0125	3212	-211			
					
9833114					
5					
0.8	3114	22			
0.066	2112	-321			
0.066	3122	-211			
0.034	3112	111			
0.034	3212	-211			
					
9833112					
5					
0.37	3114	22			
0.36	2112	-321			
0.09	3122	-211			
0.09	3112	111			
0.09	3212	-211			
					
9832226					
2					
0.84	9902228	22			
0.16	2212	211			
					
9832222					
4					
0.83	12212	211			
0.1	2222	22			
0.06	2212	211			
0.01	3222	321			
					
9832216					
11					
0.152	2224	-211			
0.152	2214	111			
0.152	2114	211			
0.127	12216	111			
0.127	12116	211			
0.078	2212	223			
0.065	2124	111			
0.065	1214	211			
0.033	2212	111			
0.033	2112	211			
0.016	2212	221			
					
9832126					
3					
0.84	9902128	22			
0.08	2112	211			
0.08	2212	111			
					
9832122					
7					
0.415	12112	211			
0.415	12212	111			
0.1	2122	22			
0.03	2112	211			
0.03	2212	111			
0.005	3212	321			
0.005	3222	311			
					
9832116					
11					
0.152	2214	-211			
0.152	2114	111			
0.152	1114	211			
0.127	2124	-211			
0.127	1214	111			
0.078	2112	223			
0.065	12216	-211			
0.065	12116	111			
0.033	2212	-211			
0.033	2112	111			
0.016	2112	221			
					
9831216					
3					
0.84	9901218	22			
0.08	2112	111			
0.08	2212	-211			
					
9831212					
7					
0.415	12112	111			
0.415	12212	-211			
0.1	1212	22			
0.03	2112	111			
0.03	2212	-211			
0.005	3112	321			
0.005	3212	311			
					
9831116					
2					
0.84	9901118	22			
0.16	2112	-211			
					
9831112					
4					
0.83	12112	-211			
0.1	1112	22			
0.06	2112	-211			
0.01	3112	311			
					
9823324					
3					
0.8	3324	22			
0.1	3312	211			
0.1	3322	111			
					
9823314					
3					
0.8	3314	22			
0.1	3312	111			
0.1	3322	-211			
					
9823228					
1					
1.0	9843226	22			
					
9823226					
4					
0.9	9863224	22			
0.05	2212	-311			
0.025	3212	211			
0.025	3222	111			
					
9823218					
1					
1.0	9843216	22			
					
9823216					
6					
0.9	9863214	22			
0.025	2112	-311			
0.025	2212	-321			
0.0167	3112	211			
0.0167	3222	-211			
0.0166	3212	111			
					
9823118					
1					
1.0	9843116	22			
					
9823116					
4					
0.9	9863114	22			
0.05	2112	-321			
0.025	3112	111			
0.025	3212	-211			
					
9822228					
2					
0.925	9832226	22			
0.075	2212	211			
					
9822226					
5					
0.9	22224	22			
0.07	2212	211			
0.02	2212	213			
0.005	2214	211			
0.005	2224	111			
					
9822218					
3					
0.925	9832126	22			
0.0375	2112	211			
0.0375	2212	111			
					
9822216					
7					
0.86	22124	22			
0.06	2112	211			
0.06	2212	111			
0.01	2212	221			
0.0034	2112	211	111		
0.0033	2212	-211	211		
0.0033	2212	111	111		
					
9822126					
9					
0.9	22214	22			
0.035	2112	211			
0.035	2212	111			
0.01	2212	22			
0.005	2112	213			
0.005	2212	113			
0.0034	2214	111			
0.0033	2114	211			
0.0033	2224	-211			
					
9822118					
3					
0.925	9831216	22			
0.0375	2112	111			
0.0375	2212	-211			
					
9822116					
7					
0.86	21214	22			
0.06	2112	111			
0.06	2212	-211			
0.01	2112	221			
0.0034	2112	111	111		
0.0033	2112	-211	211		
0.0033	2212	-211	111		
					
9821216					
8					
0.9	22114	22			
0.035	2112	111			
0.035	2212	-211			
0.01	2112	22			
0.005	2112	113			
0.005	2114	111			
0.005	2212	-213			
0.005	2214	-211			
					
9821118					
2					
0.925	9831116	22			
0.075	2112	-211			
					
9821116					
5					
0.9	21114	22			
0.07	2112	-211			
0.02	2112	-213			
0.005	1114	111			
0.005	2114	-211			
					
9813334					
2					
0.545	3322	-321			
0.455	3312	-311			
					
9813228					
5					
0.9	9823226	22			
0.034	2212	-311			
0.033	3122	211			
0.0165	3212	211			
0.0165	3222	111			
					
9813218					
7					
0.9	9823216	22			
0.034	3122	111			
0.0165	2112	-311			
0.0165	2212	-321			
0.011	3112	211			
0.011	3212	111			
0.011	3222	-211			
					
9813128					
3					
0.7	23124	22			
0.15	2112	-313			
0.15	2212	-323			
					
9813118					
5					
0.9	9823116	22			
0.034	2112	-321			
0.033	3122	-211			
0.0165	3112	111			
0.0165	3212	-211			
					
9812228					
5					
0.425	2224	111			
0.425	2214	211			
0.06	9822226	22			
0.05	2212	211			
0.04	3222	321			
					
9812218					
8					
0.283	2224	-211			
0.283	2214	111			
0.283	2114	211			
0.061	9822126	22			
0.025	2212	111			
0.025	2112	211			
0.02	3222	311			
0.02	3212	321			
					
9812128					
3					
0.96	2216	22			
0.02	2112	211			
0.02	2212	111			
					
9812124					
10					
0.25	2224	-211			
0.2	2212	223			
0.1667	2214	111			
0.1333	2212	-211	211		
0.0833	2114	211			
0.0667	2212	111	111		
0.0333	2112	211			
0.0333	2112	213			
0.0167	2212	111			
0.0167	2212	113			
					
9812118					
8					
0.283	1114	211			
0.283	2114	111			
0.283	2214	-211			
0.061	9821216	22			
0.025	2212	-211			
0.025	2112	111			
0.02	3112	321			
0.02	3212	311			
					
9811218					
3					
0.96	2116	22			
0.02	2112	111			
0.02	2212	-211			
					
9811214					
10					
0.25	1114	211			
0.2	2112	223			
0.1667	2114	111			
0.1333	2112	-211	211		
0.0833	2214	-211			
0.0667	2112	111	111		
0.0333	2212	-213			
0.0333	2212	-211			
0.0167	2112	111			
0.0167	2112	113			
					
9811118					
5					
0.425	1114	111			
0.425	2114	-211			
0.06	9821116	22			
0.05	2112	-211			
0.04	3112	311			
					
9803336					
9					
0.8	203338	22			
0.033	3312	-313			
0.033	3314	-311			
0.033	3322	-323			
0.033	3324	-321			
0.017	3312	-321	211		
0.017	3312	-311	111		
0.017	3322	-321	111		
0.017	3322	-311	-211		
					
9803328					
2					
0.8	203326	22			
0.2	3122	-311			
					
9803318					
2					
0.8	203316	22			
0.2	3122	-321			
					
9090225					
3					
0.8	7200333	22			
0.1	221	221			
0.1	333	333			
					
9080225					
4					
0.8	7200333	22			
0.1	333	333			
0.05	-321	321			
0.05	-311	311			
					
9080221					
1					
1.0	7200333	22			
					
9070225					
11					
0.8	337	22			
0.05	221	221			
0.03	-321	321			
0.03	-311	311			
0.02	-2212	2212			
0.02	225	221			
0.015	-211	211			
0.01	-215	211			
0.01	115	111			
0.01	215	-211			
0.005	111	111			
					
9070221					
1					
1.0	7200333	22			
					
9060225					
3					
0.7	337	22			
0.15	-321	321			
0.15	-311	311			
					
9060221					
1					
1.0	100333	22			
					
9050225					
4					
0.8	337	22			
0.1	-2212	2212			
0.05	-323	323			
0.05	-313	313			
					
9050221					
8					
0.7	100333	22			
0.06	-213	213			
0.06	111	111			
0.06	221	221			
0.03	113	113			
0.03	223	223			
0.03	-213	211	111		
0.03	213	-211	111		
					
9040225					
4					
0.8	337	22			
0.16	331	221			
0.02	-311	311			
0.02	111	111			
					
9040221					
4					
0.7	100333	22			
0.1	-211	-211	211	211	
0.1	-211	211	111	111	
0.1	113	113			
					
9040213					
8					
0.8	9010215	22			
0.03	-311	321			
0.03	211	111			
0.028	-2112	2212			
0.028	223	211			
0.028	223	221	211		
0.028	331	211	111		
0.028	20223	211	111		
					
9040113					
8					
0.8	9010115	22			
0.03	-321	321			
0.03	-211	211			
0.028	-2212	2212			
0.028	223	111			
0.028	223	221	111		
0.028	331	-211	211		
0.028	20223	-211	211		
					
9030225					
3					
0.8	100333	22			
0.1	221	221			
0.1	111	111	111	111	
					
9030221					
14					
0.23	-211	211			
0.159	211	-211	211	-211	
0.115	111	111			
0.082	-100211	211			
0.082	100111	111			
0.082	100211	-211			
0.06	221	221			
0.043	321	-321			
0.043	311	-311			
0.026	111	111	111	111	
0.021	331	221			
0.019	20113	111			
0.019	-20213	211			
0.019	20213	-211			
					
9030213					
2					
0.9	7110215	22			
0.1	333	211			
					
9030113					
2					
0.9	7110115	22			
0.1	333	111			
					
9020325					
7					
0.96	9000323	22			
0.01	-3122	2212			
0.01	225	321			
0.01	9010221	323			
0.0034	321	111	111		
0.0033	311	211	111		
0.0033	321	-211	211		
					
9020321					
3					
0.48	30323	22			
0.26	311	211			
0.26	321	111			
					
9020315					
7					
0.96	9000313	22			
0.01	-3122	2112			
0.01	225	311			
0.01	9010221	313			
0.0034	311	111	111		
0.0033	311	-211	211		
0.0033	321	-211	111		
					
9020311					
3					
0.48	30313	22			
0.26	311	111			
0.26	321	-211			
					
9020225					
7					
0.7	9010223	22			
0.11	223	223			
0.06	-321	321			
0.06	-311	311			
0.04	-211	-211	211	211	
0.02	-211	211	111	111	
0.01	111	111	111	111	
					
9020221					
9					
0.323	221	211	-211		
0.161	221	111	111		
0.081	321	-311	-211		
0.081	321	-321	111		
0.081	311	-311	111		
0.081	311	-321	211		
0.064	9000111	111			
0.064	-9000211	211			
0.064	9000211	-211			
					
9020213					
3					
0.9	10211	22			
0.05	225	211			
0.05	223	211	111		
					
9020113					
4					
0.9	10111	22			
0.05	225	111			
0.033	223	-211	211		
0.017	223	111	111		
					
9010327					
2					
0.99	9020325	22			
0.01	-3122	2212			
					
9010325					
6					
0.99	20325	22			
0.0034	225	321			
0.00165	113	321			
0.00165	213	311			
0.00165	313	211			
0.00165	323	111			
					
9010321					
2					
0.98	9000323	22			
0.02	333	321			
					
9010317					
2					
0.99	9020315	22			
0.01	-3122	2112			
					
9010315					
6					
0.99	20315	22			
0.0034	225	311			
0.00165	-213	321			
0.00165	113	311			
0.00165	313	111			
0.00165	323	-211			
					
9010311					
2					
0.98	9000313	22			
0.02	333	311			
					
9010229					
12					
0.8	337	22			
0.04	-213	213			
0.028	223	223			
0.02	113	113			
0.0186	-211	211			
0.0186	221	-211	211		
0.014	-2212	2212			
0.014	-2112	2112			
0.014	-321	321			
0.014	-311	311			
0.0094	111	111			
0.0094	221	111	111		
					
9010225					
4					
0.8	9000223	22			
0.1	221	221			
0.05	-321	321			
0.05	-311	311			
					
9010223					
2					
0.9	9010225	22			
0.1	223	221			
					
9010221					
4					
0.48	-211	211			
0.24	111	111			
0.14	-321	321			
0.14	311	-311			
					
9010217					
1					
1.0	9010215	22			
					
9010215					
6					
0.7	9000217	22			
0.12	-211	211	211		
0.075	225	211			
0.06	211	111	111		
0.0225	113	211			
0.0225	213	111			
					
9010213					
4					
0.8	10211	22			
0.1	20223	211			
0.05	10113	211			
0.05	10213	111			
					
9010211					
5					
0.7	9000215	22			
0.1	9010221	211			
0.1	9000211	111			
0.05	10221	211			
0.05	9030221	211			
					
9010117					
1					
1.0	9010115	22			
					
9010115					
7					
0.7	9000117	22			
0.12	-211	211	111		
0.075	225	111			
0.06	111	111	111		
0.015	-213	211			
0.015	113	111			
0.015	213	-211			
					
9010113					
5					
0.8	10111	22			
0.1	20223	111			
0.034	10113	111			
0.033	-10213	211			
0.033	10213	-211			
					
9010111					
5					
0.7	9000115	22			
0.1	9010221	111			
0.1	9000111	221			
0.05	10221	111			
0.05	9030221	111			
					
9000329					
2					
0.9	329	22			
0.1	-3122	2212			
					
9000325					
3					
0.927835052	325	22			
0.036082474	313	211			
0.036082474	323	111			
					
9000323					
5					
0.95	9000325	22			
0.025	333	321			
0.00834	321	111	111		
0.00833	311	211	111		
0.00833	321	-211	211		
					
9000319					
2					
0.9	319	22			
0.1	-3122	2112			
					
9000315					
3					
0.927835052	315	22			
0.036082474	313	111			
0.036082474	323	-211			
					
9000313					
5					
0.95	9000315	22			
0.025	333	311			
0.00834	311	111	111		
0.00833	311	-211	211		
0.00833	321	-211	111		
					
9000229					
5					
0.8	337	22			
0.066	-211	211			
0.05	-321	321			
0.05	-311	311			
0.034	111	111			
					
9000225					
5					
0.8	20333	22			
0.067	-211	211			
0.05	-321	321			
0.05	-311	311			
0.033	111	111			
					
9000223					
6					
0.8	9000225	22			
0.1	331	-211	211		
0.025	-323	321			
0.025	-313	311			
0.025	313	-311			
0.025	323	-321			
					
9000217					
1					
1.0	7110215	22			
					
9000215					
3					
0.7	217	22			
0.2	221	211			
0.1	-311	321			
					
9000213					
1					
1.0	100211	22			
					
9000211					
3					
0.7	221	211			
0.176	331	211			
0.124	321	-311			
					
9000117					
1					
1.0	7110115	22			
					
9000115					
4					
0.7	117	22			
0.2	221	111			
0.05	-321	321			
0.05	-311	311			
					
9000113					
1					
1.0	100111	22			
					
9000111					
4					
0.7	221	111			
0.176	331	111			
0.062	311	-311			
0.062	321	-321			
					
8200323					
3					
0.939	329	22			
0.0305	311	211			
0.0305	321	111			
					
8200313					
3					
0.939	319	22			
0.0305	311	111			
0.0305	321	-211			
					
8000223					
3					
0.94	9090225	22			
0.04	-211	211			
0.02	111	111			
					
8000211					
1					
1.0	219	22			
					
8000111					
1					
1.0	119	22			
					
7300221					
3					
0.334	211	-211	331		
0.333	321	-321	331		
0.333	311	-311	331		
					
7210215					
3					
0.8	7110211	22			
0.1	211	211	-211		
0.1	223	111	211		
					
7210115					
3					
0.8	7110111	22			
0.1	111	211	-211		
0.1	223	111	111		
					
7200333					
7					
0.8	9060221	22			
0.05	333	221			
0.05	333	9010221			
0.0334	333	-211	211		
0.0334	-321	321	-211	211	
0.0166	333	111	111		
0.0166	-321	321	111	111	
					
7200221					
2					
0.842105263	100333	22			
0.157894737	331	-211	211		
					
7110215					
4					
0.7	9010211	22			
0.1	215	221			
0.1	9000211	221			
0.1	223	211	111		
					
7110211					
2					
0.8	9030213	22			
0.2	-311	321			
					
7110115					
4					
0.7	9010111	22			
0.1	115	221			
0.1	9000111	221			
0.1	223	111	111		
					
7110111					
3					
0.8	9030113	22			
0.1	-321	321			
0.1	-311	311			
					
7030331					
1					
1.0	7200333	22			
					
7030213					
1					
1.0	10211	22			
					
7030113					
1					
1.0	10111	22			
					
7010323					
1					
1.0	321	-211	211		
					
7010313					
1					
1.0	311	-211	211		
					
203338					
2					
0.8	3334	22			
0.2	3312	-321	211		
					
203326					
3					
0.5333	3222	-321			
0.2667	3212	-311			
0.2	3122	-311			
					
203322					
9					
0.8	9823324	22			
0.0335	3122	-311			
0.0335	3222	-321			
0.0335	3312	211	111		
0.0335	3322	-211	211		
0.0165	3312	211			
0.0165	3314	211			
0.0165	3322	111			
0.0165	3324	111			
					
203316					
3					
0.5333	3112	-311			
0.2667	3212	-321			
0.2	3122	-321			
					
203312					
9					
0.8	9823314	22			
0.0335	3122	-321			
0.0335	3212	-321			
0.0335	3312	-211	211		
0.0335	3322	-211	111		
0.0165	3312	111			
0.0165	3314	111			
0.0165	3322	-211			
0.0165	3324	-211			
					
103326					
3					
0.5	3122	-311			
0.333	3312	211			
0.167	3322	111			
					
103316					
3					
0.5	3122	-321			
0.333	3322	-211			
0.167	3312	111			
					
100333					
6					
0.7	10225	22			
0.0625	-323	321			
0.0625	-313	311			
0.0625	313	-311			
0.0625	323	-321			
0.05	333	221			
					
100331					
9					
0.7	100223	22			
0.067	-321	321	111		
0.067	-311	311	111		
0.033	-311	321	-211		
0.033	311	-321	211		
0.025	-323	321			
0.025	-313	311			
0.025	313	-311			
0.025	323	-321			
					
100323					
7					
0.464	20323	22			
0.2	313	211			
0.2	323	111			
0.035	113	321			
0.035	213	311			
0.033	311	211			
0.033	321	111			
					
100321					
5					
0.930713547	10321	22			
0.017580145	113	321			
0.017580145	213	311			
0.017063082	313	211			
0.017063082	323	111			
					
100313					
7					
0.464	20313	22			
0.2	313	111			
0.2	323	-211			
0.035	-213	321			
0.035	113	311			
0.033	311	111			
0.033	321	-211			
					
100311					
5					
0.930713547	10311	22			
0.017580145	-213	321			
0.017580145	113	311			
0.017063082	313	111			
0.017063082	323	-211			
					
100223					
5					
0.234	113	111			
0.233	-213	211			
0.233	213	-211			
0.2	223	-211	211		
0.1	223	111	111		
					
100221					
5					
0.233	221	-211	211		
0.217	-9000211	211			
0.217	9000111	111			
0.217	9000211	-211			
0.116	221	111	111		
					
100213					
5					
0.79	223	211			
0.12	211	111			
0.05	213	221			
0.02	321	-311			
0.02	311	-321			
					
100211					
4					
0.444	-211	211	211		
0.222	211	111	111		
0.167	113	211			
0.167	213	111			
					
100113					
6					
0.79	223	111			
0.08	-211	211			
0.05	113	221			
0.04	111	111			
0.02	311	-311			
0.02	321	-321			
					
100111					
5					
0.4445	-211	211	111		
0.2225	111	111	111		
0.111	-213	211			
0.111	113	111			
0.111	213	-211			
					
53122					
8					
0.176	3214	111			
0.176	3114	211			
0.176	3224	-211			
0.134	2112	-311			
0.134	2212	-321			
0.068	3212	111			
0.068	3112	211			
0.068	3222	-211			
					
43122					
10					
0.595959596	9863122	22			
0.164141414	2112	-311			
0.164141414	2212	-321			
0.055555556	3122	221			
0.003434343	3212	111			
0.003434343	3214	111			
0.003333333	3112	211			
0.003333333	3114	211			
0.003333333	3222	-211			
0.003333333	3224	-211			
					
42212					
10					
0.17	3122	321			
0.15	2224	-211			
0.1	2112	211			
0.1	2214	111			
0.1	2112	211	111		
0.1	2212	-211	211		
0.1	2212	111	111		
0.08	2212	221			
0.05	2114	211			
0.05	2212	111			
					
42112					
10					
0.169453865	3122	311			
0.155420419	1114	211			
0.112969243	2212	-211			
0.103613612	2114	111			
0.094141036	2112	-211	211		
0.094141036	2112	111	111		
0.094141036	2212	-211	111		
0.067828324	2112	221			
0.056484622	2112	111			
0.051806806	2214	-211			
					
33122					
11					
0.191	3122	221			
0.142	3212	111			
0.142	3112	211			
0.142	3222	-211			
0.133	2112	-311			
0.133	2212	-321			
0.027	2112	-313			
0.027	2212	-323			
0.021	3214	111			
0.021	3114	211			
0.021	3224	-211			
					
32224					
4					
0.347363657	2224	111			
0.236818285	12212	211			
0.231613487	2214	211			
0.184204572	2212	211			
					
32214					
7					
0.308702048	2114	211			
0.231639697	2224	-211			
0.157859002	12212	111			
0.122892384	2212	111			
0.078986081	12112	211			
0.061333032	2112	211			
0.038587756	2214	111			
					
32212					
12					
0.511443759	2112	211			
0.255776114	2212	111			
0.074086127	3122	321			
0.068771017	2212	221			
0.021151969	2224	-211			
0.017680876	12112	211			
0.014101312	2214	111			
0.008786202	12212	111			
0.007050656	2114	211			
0.007050656	2112	211	111		
0.007050656	2212	-211	211		
0.007050656	2212	111	111		
					
32124					
6					
0.4944	2112	213			
0.2472	2212	113			
0.0957	2112	211			
0.0766	3122	321			
0.0478	2212	111			
0.0383	2212	221			
					
32114					
7					
0.308702048	2214	-211			
0.231639697	1114	211			
0.157859002	12112	111			
0.122892384	2112	111			
0.078986081	12212	-211			
0.061333032	2212	-211			
0.038587756	2114	111			
					
32112					
12					
0.511443759	2212	-211			
0.255776114	2112	111			
0.074086127	3122	311			
0.068771017	2112	221			
0.021151969	1114	211			
0.017680876	12212	-211			
0.014101312	2114	111			
0.008786202	12112	111			
0.007050656	2214	-211			
0.007050656	2112	-211	211		
0.007050656	2112	111	111		
0.007050656	2212	-211	111		
					
31214					
6					
0.4944	2212	-213			
0.2472	2112	113			
0.0957	2212	-211			
0.0766	3122	311			
0.0478	2112	111			
0.0383	2112	221			
					
31114					
4					
0.347363657	1114	111			
0.236818285	12112	-211			
0.231613487	2114	-211			
0.184204572	2112	-211			
					
30323					
6					
0.258	311	211			
0.209	213	311			
0.199	313	211			
0.129	321	111			
0.105	113	321			
0.1	323	111			
					
30313					
6					
0.258	321	-211			
0.209	-213	321			
0.199	323	-211			
0.129	311	111			
0.105	113	311			
0.1	313	111			
					
30223					
6					
0.25	223	221			
0.17	-213	211			
0.17	113	111			
0.17	213	-211			
0.12	223	211	-211		
0.12	223	111	111		
					
30213					
7					
0.35	-211	211	211	111	
0.15	10215	22			
0.1125	-213	211	211		
0.1125	113	211	111		
0.1125	213	-211	211		
0.1125	213	111	111		
0.05	211	111			
					
30113					
7					
0.35	-211	-211	211	211	
0.15	10115	22			
0.15	-213	211	111		
0.15	113	-211	211		
0.15	213	-211	111		
0.033	-211	211			
0.017	111	111			
					
23224					
7					
0.43	3212	211			
0.43	3222	111			
0.06	3122	211			
0.04	2212	-311			
0.015	2224	-321			
0.015	2214	-311			
0.01	2212	-313			
					
23222					
5					
0.55	3222	221			
0.2	3122	211			
0.1	2212	-311			
0.075	3212	211			
0.075	3222	111			
					
23214					
10					
0.287	3112	211			
0.287	3212	111			
0.287	3222	-211			
0.06	3122	111			
0.02	2112	-311			
0.02	2212	-321			
0.015	2214	-321			
0.015	2114	-311			
0.005	2112	-313			
0.004	2212	-323			
					
23212					
7					
0.55	3212	221			
0.2	3122	111			
0.05	2112	-311			
0.05	2212	-321			
0.05	3112	211			
0.05	3212	111			
0.05	3222	-211			
					
23126					
12					
0.2	3128	22			
0.15	2112	-313			
0.15	2212	-323			
0.0834	3212	111			
0.0833	3112	211			
0.0833	3222	-211			
0.075	2112	-311			
0.075	2212	-321			
0.05	3122	223			
0.0168	3214	111			
0.0166	3114	211			
0.0166	3224	-211			
					
23124					
11					
0.6	3126	22			
0.1375	2112	-311			
0.1375	2212	-321			
0.0218	3212	111			
0.0216	3112	211			
0.0216	3222	-211			
0.015	2112	-313			
0.015	2212	-323			
0.01	3114	211			
0.01	3214	111			
0.01	3224	-211			
					
23122					
6					
0.425	3124	22			
0.118	3212	111			
0.116	3112	211			
0.116	3222	-211			
0.1125	2112	-311			
0.1125	2212	-321			
					
23114					
7					
0.43	3112	111			
0.43	3212	-211			
0.06	3122	-211			
0.04	2112	-321			
0.015	2114	-321			
0.015	1114	-311			
0.01	2112	-323			
					
23112					
5					
0.55	3112	221			
0.2	3122	-211			
0.1	2112	-321			
0.075	3112	111			
0.075	3212	-211			
					
22224					
6					
0.426	2224	111			
0.284	2214	211			
0.112	2212	211			
0.104	2224	221			
0.037	3222	321			
0.037	9000211	2212			
					
22222					
5					
0.36	2224	111			
0.24	2214	211			
0.2	2212	211			
0.1	2224	221			
0.1	3222	321			
					
22214					
10					
0.379	2114	211			
0.285	2224	-211			
0.104	2214	221			
0.074	2212	111			
0.046	2214	111			
0.037	2112	211			
0.025	3212	321			
0.025	9000111	2212			
0.013	3222	311			
0.012	9000211	2112			
					
22212					
9					
0.474846105	2212	221			
0.335172999	2112	211			
0.1675865	2212	111			
0.005625133	2112	211	111		
0.005625133	2212	-211	211		
0.005625133	2212	111	111		
0.002759499	2224	-211			
0.001910422	2214	111			
0.000849077	2114	211			
					
22124					
6					
0.295570443	2112	211	111		
0.295570443	2212	-211	211		
0.295570443	2212	111	111		
0.065693431	2112	211			
0.03279672	2212	111			
0.01479852	3122	321			
					
22122					
8					
0.32	2114	211			
0.24	2224	-211			
0.1333	2212	111			
0.1	2214	221			
0.0667	2112	211			
0.0667	3212	321			
0.04	2214	111			
0.0333	3222	311			
					
22114					
10					
0.379	2214	-211			
0.285	1114	211			
0.104	2114	221			
0.074	2112	111			
0.046	2114	111			
0.037	2212	-211			
0.025	3212	311			
0.025	9000111	2112			
0.013	3112	321			
0.012	-9000211	2212			
					
22112					
9					
0.474846105	2112	221			
0.335172999	2212	-211			
0.1675865	2112	111			
0.005625133	2112	-211	211		
0.005625133	2112	111	111		
0.005625133	2212	-211	111		
0.002759499	1114	211			
0.001910422	2114	111			
0.000849077	2214	-211			
					
21214					
6					
0.295570443	2112	-211	211		
0.295570443	2112	111	111		
0.295570443	2212	-211	111		
0.065693431	2212	-211			
0.03279672	2112	111			
0.01479852	3122	311			
					
21212					
8					
0.32	2214	-211			
0.24	1114	211			
0.1333	2112	111			
0.1	2114	221			
0.0667	2212	-211			
0.0667	3212	311			
0.04	2114	111			
0.0333	3112	321			
					
21114					
6					
0.426	1114	111			
0.284	2114	-211			
0.112	2112	-211			
0.104	1114	221			
0.037	3112	311			
0.037	-9000211	2112			
					
21112					
5					
0.36	1114	111			
0.24	2114	-211			
0.2	2112	-211			
0.1	1114	221			
0.1	3112	311			
					
20333					
5					
0.7	9020221	22			
0.075	-323	321			
0.075	-313	311			
0.075	313	-311			
0.075	323	-321			
					
20325					
10					
0.9	9000323	22			
0.023	223	321			
0.023	225	321			
0.012	313	211			
0.012	315	211			
0.012	323	111			
0.012	325	111			
0.002	311	211	111		
0.002	321	-211	211		
0.002	321	111	111		
					
20323					
5					
0.639795918	313	211			
0.319387755	323	111			
0.020408163	213	311			
0.010204082	113	321			
0.010204082	223	321			
					
20315					
10					
0.9	9000313	22			
0.023	223	311			
0.023	225	311			
0.012	313	111			
0.012	315	111			
0.012	323	-211			
0.012	325	-211			
0.002	311	-211	211		
0.002	311	111	111		
0.002	321	-211	111		
					
20313					
5					
0.639795918	323	-211			
0.319387755	313	111			
0.020408163	-213	321			
0.010204082	113	311			
0.010204082	223	311			
					
20223					
12					
0.219	-211	211	111	111	
0.127	-9000211	211			
0.127	9000111	111			
0.127	9000211	-211			
0.109	113	-211	211		
0.094	221	-211	211		
0.058	113	22			
0.047	221	111	111		
0.023	-321	321	111		
0.023	-311	311	111		
0.023	-311	321	-211		
0.023	311	-321	211		
					
20213					
4					
0.3835	211	111	111		
0.3075	213	111			
0.3075	113	211			
0.0015	211	22			
					
20113					
5					
0.3835	211	-211	111		
0.205	113	111			
0.205	213	-211			
0.205	-213	211			
0.0015	111	22			
					
13324					
7					
0.8	203322	22			
0.14	3122	-311			
0.02	3222	-321			
0.01	3312	211			
0.01	3314	211			
0.01	3322	111			
0.01	3324	111			
					
13314					
7					
0.8	203312	22			
0.14	3122	-321			
0.02	3212	-321			
0.01	3312	111			
0.01	3314	111			
0.01	3322	-211			
0.01	3324	-211			
					
13226					
11					
0.29	9843222	22			
0.105	2224	-321			
0.105	2214	-311			
0.1	2212	-311			
0.1	2212	-313			
0.08	3124	211			
0.06	3122	211			
0.05	3222	111			
0.05	3212	211			
0.03	3224	111			
0.03	3214	211			
					
13224					
4					
0.3462	3212	211			
0.3462	3222	111			
0.1538	2212	-311			
0.1538	3122	211			
					
13222					
4					
0.468	3122	211			
0.246	3212	211			
0.246	3222	111			
0.04	2212	-311			
					
13216					
15					
0.291	9843212	22			
0.105	2214	-321			
0.105	2114	-311			
0.08	3124	111			
0.06	3122	111			
0.05	2212	-321			
0.05	2112	-311			
0.05	2212	-323			
0.05	2112	-313			
0.033	3222	-211			
0.033	3212	111			
0.033	3112	211			
0.02	3224	-211			
0.02	3214	111			
0.02	3114	211			
					
13214					
5					
0.3462	3112	211			
0.3462	3222	-211			
0.1538	3122	111			
0.0769	2112	-311			
0.0769	2212	-321			
					
13212					
6					
0.468	3122	111			
0.164	3112	211			
0.164	3212	111			
0.164	3222	-211			
0.02	2112	-311			
0.02	2212	-321			
					
13126					
9					
0.235	3126	22			
0.184	3212	111			
0.183	3112	211			
0.183	3222	-211			
0.05	3114	211			
0.05	3214	111			
0.05	3224	-211			
0.0325	2112	-311			
0.0325	2212	-321			
					
13124					
11					
0.125	2112	-311			
0.125	2212	-321			
0.125	3122	-211	211		
0.125	3122	111	111		
0.1	3112	211			
0.1	3212	111			
0.1	3222	-211			
0.05	3112	211	111		
0.05	3212	-211	211		
0.05	3212	111	111		
0.05	3222	-211	111		
					
13122					
3					
0.334	3212	111			
0.333	3112	211			
0.333	3222	-211			
					
13116					
11					
0.29	9843112	22			
0.105	2114	-321			
0.105	1114	-311			
0.1	2112	-321			
0.1	2112	-323			
0.08	3124	-211			
0.06	3122	-211			
0.05	3212	-211			
0.05	3112	111			
0.03	3214	-211			
0.03	3114	111			
					
13114					
4					
0.3462	3112	111			
0.3462	3212	-211			
0.1538	2112	-321			
0.1538	3122	-211			
					
13112					
4					
0.468	3122	-211			
0.246	3112	111			
0.246	3212	-211			
0.04	2112	-321			
					
12226					
2					
0.9	12222	22			
0.1	2212	211			
					
12224					
3					
0.42	2224	111			
0.3	2212	211			
0.28	2214	211			
					
12222					
6					
0.325	2112	211	211		
0.325	2212	211	111		
0.2	12212	211			
0.08	2212	211			
0.06	2124	211			
0.01	2224	221			
					
12216					
8					
0.495202382	2112	211			
0.247601191	2212	111			
0.057130253	2224	-211			
0.047645307	2112	211	111		
0.047645307	2212	-211	211		
0.047645307	2212	111	111		
0.038050072	2214	111			
0.019080181	2114	211			
					
12214					
5					
0.4	2114	211			
0.3	2224	-211			
0.166	2212	111			
0.084	2112	211			
0.05	2214	111			
					
12212					
8					
0.444409744	2112	211			
0.222256923	2212	111			
0.128253175	2224	-211			
0.085467416	2214	111			
0.042785759	2114	211			
0.025608994	2112	211	111		
0.025608994	2212	-211	211		
0.025608994	2212	111	111		
					
12126					
3					
0.9	12122	22			
0.05	2212	111			
0.05	2112	211			
					
12122					
10					
0.218	2212	111	111		
0.216	2112	211	111		
0.216	2212	-211	211		
0.1	12112	211			
0.1	12212	111			
0.04	2112	211			
0.04	2212	111			
0.03	1214	211			
0.03	2124	111			
0.01	2214	221			
					
12116					
8					
0.495202382	2212	-211			
0.247601191	2112	111			
0.057130253	1114	211			
0.047645307	2112	-211	211		
0.047645307	2112	111	111		
0.047645307	2212	-211	111		
0.038050072	2114	111			
0.019080181	2214	-211			
					
12114					
5					
0.4	2214	-211			
0.3	1114	211			
0.166	2112	111			
0.084	2212	-211			
0.05	2114	111			
					
12112					
8					
0.444409744	2212	-211			
0.222256923	2112	111			
0.128253175	1114	211			
0.085467416	2114	111			
0.042785759	2214	-211			
0.025608994	2112	-211	211		
0.025608994	2112	111	111		
0.025608994	2212	-211	111		
					
11216					
3					
0.9	11212	22			
0.05	2112	111			
0.05	2212	-211			
					
11212					
10					
0.218	2112	111	111		
0.216	2112	-211	211		
0.216	2212	-211	111		
0.1	12112	111			
0.1	12212	-211			
0.04	2112	111			
0.04	2212	-211			
0.03	1214	111			
0.03	2124	-211			
0.01	2114	221			
					
11116					
2					
0.9	11112	22			
0.1	2112	-211			
					
11114					
3					
0.42	1114	111			
0.3	2112	-211			
0.28	2114	-211			
					
11112					
6					
0.325	2112	-211	111		
0.325	2212	-211	-211		
0.2	12112	-211			
0.08	2112	-211			
0.06	1214	-211			
0.01	1114	221			
					
10335					
9					
0.233	221	-211	211		
0.2	225	221			
0.117	-215	211			
0.117	115	111			
0.117	215	-211			
0.117	221	111	111		
0.033	-9000211	211			
0.033	9000111	111			
0.033	9000211	-211			
					
10333					
3					
0.823529412	10221	22			
0.088235294	-323	321			
0.088235294	323	-321			
					
10331					
6					
0.4	100333	22			
0.15	-321	321			
0.15	-311	311			
0.15	221	221			
0.1	-211	211			
0.05	111	111			
					
10325					
5					
0.8	9000323	22			
0.08	315	211			
0.08	325	111			
0.02	223	321			
0.02	333	321			
					
10323					
4					
0.362	113	321			
0.362	213	311			
0.138	313	211			
0.138	323	111			
					
10321					
3					
0.62	311	211			
0.31	321	111			
0.07	221	321			
					
10315					
5					
0.8	9000313	22			
0.08	315	111			
0.08	325	-211			
0.02	223	311			
0.02	333	311			
					
10313					
4					
0.362	-213	321			
0.362	113	311			
0.138	313	111			
0.138	323	-211			
					
10311					
3					
0.62	321	-211			
0.31	311	111			
0.07	221	311			
					
10225					
4					
0.8	9010223	22			
0.068	115	111			
0.066	-215	211			
0.066	215	-211			
					
10223					
3					
0.3333333	-213	211			
0.3333333	113	111			
0.3333333	213	-211			
					
10221					
7					
0.357	211	-211	111	111	
0.294	211	-211	211	-211	
0.12	-321	321			
0.12	-311	311			
0.049	111	111	111	111	
0.04	-211	211			
0.02	111	111			
					
10215					
5					
0.622	-211	211	211		
0.311	211	111	111		
0.027	223	213			
0.02	-313	321			
0.02	323	-311			
					
10213					
2					
0.789473684	223	211			
0.210526316	-211	211	211	111	
					
10211					
4					
0.828	223	211	111		
0.077	221	211			
0.068	321	-311			
0.027	331	211			
					
10115					
7					
0.622	-211	211	111		
0.311	111	111	111		
0.027	223	113			
0.01	-323	321			
0.01	-313	311			
0.01	313	-311			
0.01	323	-321			
					
10113					
2					
0.789473684	223	111			
0.210526316	-211	-211	211	211	
					
10111					
5					
0.824	223	111	111		
0.077	221	111			
0.034	321	-321			
0.034	311	-311			
0.027	331	111			
					
3324					
2					
0.6667	3312	211			
0.3333	3322	111			
					
3314					
2					
0.6667	3322	-211			
0.3333	3312	111			
					
3228					
11					
0.219821982	2212	-311			
0.219821982	3122	211			
0.164816482	3124	211			
0.123612361	2224	-321			
0.054905491	3214	211			
0.054905491	3224	111			
0.04120412	2214	-311			
0.04120412	3212	211			
0.04120412	3222	111			
0.02750275	2212	-313			
0.0110011	3322	321			
					
3226					
7					
0.442088418	2212	-311			
0.221044209	3124	211			
0.187837568	3122	211			
0.055211042	3214	211			
0.055211042	3224	111			
0.019303861	3212	211			
0.019303861	3222	111			
					
3224					
3					
0.88	3122	211			
0.06	3212	211			
0.06	3222	111			
					
3218					
14					
0.219843969	3122	111			
0.164832967	3124	111			
0.109921984	2112	-311			
0.109921984	2212	-321			
0.082416483	2114	-311			
0.082416483	2214	-321			
0.054910982	3114	211			
0.054910982	3224	-211			
0.041208242	3112	211			
0.041208242	3222	-211			
0.013702741	2112	-313			
0.013702741	2212	-323			
0.0055011	3312	321			
0.0055011	3322	311			
					
3216					
8					
0.221044209	2112	-311			
0.221044209	2212	-321			
0.221044209	3124	111			
0.187837568	3122	111			
0.055211042	3114	211			
0.055211042	3224	-211			
0.019303861	3112	211			
0.019303861	3222	-211			
					
3214					
4					
0.88	3122	111			
0.04	3112	211			
0.04	3212	111			
0.04	3222	-211			
					
3128					
12					
0.36	9813128	22			
0.15	2112	-311			
0.15	2212	-321			
0.08	3122	223			
0.075	2112	-313			
0.075	2212	-323			
0.03	3122	221			
0.0168	3212	111			
0.0166	3112	211			
0.0166	3222	-211			
0.015	3312	321			
0.015	3322	311			
					
3126					
9					
0.309278351	2112	-311			
0.309278351	2212	-321			
0.216494845	3124	22			
0.037938144	3212	111			
0.037731959	3112	211			
0.037731959	3222	-211			
0.017319588	3214	111			
0.017113402	3114	211			
0.017113402	3224	-211			
					
3124					
11					
0.23	2112	-311			
0.23	2212	-321			
0.14	3112	211			
0.14	3212	111			
0.14	3222	-211			
0.05	3122	-211	211		
0.05	3122	111	111		
0.005	3112	211	111		
0.005	3212	-211	211		
0.005	3212	111	111		
0.005	3222	-211	111		
					
3118					
11					
0.219821982	2112	-321			
0.219821982	3122	-211			
0.164816482	3124	-211			
0.123612361	1114	-311			
0.054905491	3114	111			
0.054905491	3214	-211			
0.04120412	2114	-321			
0.04120412	3112	111			
0.04120412	3212	-211			
0.02750275	2112	-323			
0.0110011	3312	311			
					
3116					
7					
0.442088418	2112	-321			
0.221044209	3124	-211			
0.187837568	3122	-211			
0.055211042	3114	111			
0.055211042	3214	-211			
0.019303861	3112	111			
0.019303861	3212	-211			
					
3114					
3					
0.88	3122	-211			
0.06	3112	111			
0.06	3212	-211			
					
2228					
5					
0.4	2212	211			
0.285	2212	211	111		
0.285	2112	211	211		
0.02	12216	211			
0.01	3222	321			
					
2226					
4					
0.42	2224	111			
0.28	2214	211			
0.2	2212	213			
0.1	2212	211			
					
2224					
1					
1.0	2212	211			
					
2222					
3					
0.385749386	2224	111			
0.357125307	2212	211			
0.257125307	2214	211			
					
2218					
9					
0.267	2212	111			
0.19	2212	111	111		
0.19	2212	211	-211		
0.19	2112	211	111		
0.133	2112	211			
0.013	12216	111			
0.007	12116	211			
0.005	3212	321			
0.005	3222	311			
					
2216					
6					
0.298521163	2112	211			
0.2736359	2224	-211			
0.182355941	2214	111			
0.149209587	2212	111			
0.091279959	2114	211			
0.00499745	3122	321			
					
2214					
2					
0.6667	2212	111			
0.3333	2112	211			
					
2128					
9					
0.396	9862124	22			
0.146	2212	223			
0.087	2224	-211			
0.087	2214	111			
0.087	2114	211			
0.078	2112	211			
0.078	2212	111			
0.036	2212	221			
0.005	3122	321			
					
2126					
7					
0.3733	2114	211			
0.28	2224	-211			
0.1333	2212	113			
0.0667	2112	213			
0.0667	2212	111			
0.0467	2214	111			
0.0333	2112	211			
					
2124					
8					
0.464276761	2112	211			
0.232138381	2212	111			
0.126598145	2224	-211			
0.084482327	2214	111			
0.042115818	2114	211			
0.016796189	2112	211	111		
0.016796189	2212	-211	211		
0.016796189	2212	111	111		
					
2122					
5					
0.342874693	2114	211			
0.257125307	2224	-211			
0.238083538	2212	111			
0.119041769	2112	211			
0.042874692	2214	111			
					
2118					
9					
0.267	2112	111			
0.19	2212	-211	111		
0.19	2112	211	-211		
0.19	2112	111	111		
0.133	2212	-211			
0.013	12116	111			
0.007	12216	-211			
0.005	3212	311			
0.005	3112	321			
					
2116					
6					
0.298521163	2212	-211			
0.2736359	1114	211			
0.182355941	2114	111			
0.149209587	2112	111			
0.091279959	2214	-211			
0.00499745	3122	311			
					
2114					
2					
0.6667	2112	111			
0.3333	2212	-211			
					
1218					
9					
0.396	9861214	22			
0.146	2112	223			
0.087	2214	-211			
0.087	2114	111			
0.087	1114	211			
0.078	2112	111			
0.078	2212	-211			
0.036	2112	221			
0.005	3122	311			
					
1216					
7					
0.3733	2214	-211			
0.28	1114	211			
0.1333	2112	113			
0.0667	2112	111			
0.0667	2212	-213			
0.0467	2114	111			
0.0333	2212	-211			
					
1214					
8					
0.464276761	2212	-211			
0.232138381	2112	111			
0.126598145	1114	211			
0.084482327	2114	111			
0.042115818	2214	-211			
0.016796189	2112	-211	211		
0.016796189	2112	111	111		
0.016796189	2212	-211	111		
					
1212					
5					
0.342874693	2214	-211			
0.257125307	1114	211			
0.238083538	2112	111			
0.119041769	2212	-211			
0.042874692	2114	111			
					
1118					
5					
0.4	2112	-211			
0.285	2212	-211	-211		
0.285	2112	-211	111		
0.02	12116	-211			
0.01	3112	311			
					
1116					
4					
0.42	1114	111			
0.28	2114	-211			
0.2	2112	-213			
0.1	2112	-211			
					
1114					
1					
1.0	2112	-211			
					
1112					
3					
0.385749386	1114	111			
0.357125307	2112	-211			
0.257125307	2114	-211			
					
337					
7					
0.8	9030225	22			
0.05	-321	321			
0.05	-311	311			
0.025	-323	321			
0.025	-313	311			
0.025	313	-311			
0.025	323	-321			
					
335					
3					
0.442	-321	321			
0.442	-311	311			
0.116	221	221			
					
333					
8					
0.492	-321	321			
0.34	-311	311			
0.0479	-213	211			
0.0479	113	111			
0.0479	213	-211			
0.01303	221	22			
0.0087	-211	211	111		
0.00257	223	22			
					
331					
4					
0.439	221	-211	211		
0.304	113	22			
0.231	221	111	111		
0.026	223	22			
					
329					
19					
0.161515454	311	211			
0.081754736	223	311	211		
0.080757727	321	111			
0.073778664	313	211	111		
0.073778664	323	-211	211		
0.073778664	323	111	111		
0.045862413	333	311	211		
0.042871386	313	-211	211	211	
0.042871386	313	211	111	111	
0.042871386	323	-211	211	111	
0.042871386	323	111	111	111	
0.040877368	223	321	111		
0.033898305	333	323			
0.027916251	-213	321	211		
0.027916251	113	311	211		
0.027916251	113	321	111		
0.027916251	213	311	111		
0.027916251	213	321	-211		
0.022931206	333	321	111		
					
327					
9					
0.278	221	321			
0.192	213	311			
0.124	313	211			
0.116	311	211			
0.096	113	321			
0.062	323	111			
0.058	321	111			
0.049	315	211			
0.025	325	111			
					
325					
10					
0.330747757	311	211			
0.165373879	321	111			
0.163393353	313	211			
0.082191808	323	111			
0.059250391	323	-211	211		
0.057435239	213	311			
0.044561824	313	211	111		
0.03961051	323	111	111		
0.02871762	113	321			
0.02871762	223	321			
					
323					
2					
0.667	311	211			
0.333	321	111			
					
319					
17					
0.161354582	321	-211			
0.081673307	223	321	-211		
0.080677291	311	111			
0.073705179	313	-211	211		
0.073705179	313	111	111		
0.073705179	323	-211	111		
0.046812749	113	311	111		
0.046812749	113	321	-211		
0.046812749	213	311	-211		
0.045816733	333	321	-211		
0.042828685	313	-211	211	111	
0.042828685	313	111	111	111	
0.042828685	323	-211	-211	211	
0.042828685	323	-211	111	111	
0.040836653	223	311	111		
0.033864542	333	313			
0.022908367	333	311	111		
					
317					
9					
0.278	221	311			
0.192	-213	321			
0.124	323	-211			
0.116	321	-211			
0.096	113	311			
0.062	313	111			
0.058	311	111			
0.049	325	-211			
0.025	315	111			
					
315					
10					
0.330747757	321	-211			
0.165373879	311	111			
0.163393353	323	-211			
0.082191808	313	111			
0.059250391	313	-211	211		
0.057435239	-213	321			
0.044561824	323	-211	111		
0.03961051	313	111	111		
0.02871762	113	311			
0.02871762	223	311			
					
313					
2					
0.667	321	-211			
0.333	311	111			
					
229					
4					
0.8	337	22			
0.12	-211	211			
0.06	111	111			
0.02	111	111	111	111	
					
227					
7					
0.7	10225	22			
0.068	113	111			
0.066	-213	211			
0.066	213	-211			
0.034	10113	111			
0.033	-10213	211			
0.033	10213	-211			
					
225					
6					
0.565	-211	211			
0.283	111	111			
0.078	-211	211	111	111	
0.028	-211	-211	211	211	
0.023	-321	321			
0.023	-311	311			
					
223					
3					
0.9	-211	211	111		
0.084	111	22			
0.016	-211	211			
					
221					
3					
0.547	111	111	111		
0.383	-211	211	111		
0.07	-211	211	22		
					
219					
7					
0.7	7110211	22			
0.071	-311	321			
0.071	221	211			
0.071	331	211			
0.048	-211	211	211		
0.024	211	111	111		
0.015	223	213			
					
217					
7					
0.609	-211	211	211	111	
0.236	211	111			
0.1	223	211			
0.016	-311	321			
0.013	-321	321	211		
0.013	-311	311	211		
0.013	-311	321	111		
					
215					
5					
0.35	113	211			
0.35	213	111			
0.145	221	211			
0.105	223	211	111		
0.05	-311	321			
					
213					
1					
1.0	211	111			
					
119					
7					
0.7	7110111	22			
0.071	221	111			
0.071	331	111			
0.071	-211	211	111		
0.036	-321	321			
0.036	-311	311			
0.015	223	113			
					
117					
10					
0.608	-211	211	111	111	
0.157	-211	211			
0.1	223	111			
0.079	111	111			
0.01	-321	321	111		
0.01	-311	311	111		
0.01	-311	321	-211		
0.01	311	-321	211		
0.008	-321	321			
0.008	-311	311			
					
115					
7					
0.234	113	111			
0.233	-213	211			
0.233	213	-211			
0.145	221	111			
0.105	223	111	111		
0.025	-321	321			
0.025	-311	311			
					
113					
1					
1.0	-211	211			
					
