9823228	Sigma(3170)+	3.17	0.015	8	1	-1	0	0	1.0	1	1
9823218	Sigma(3170)0	3.17	0.015	8	1	-1	0	0	1.0	0	1
9823118	Sigma(3170)-	3.17	0.015	8	1	-1	0	0	1.0	-1	1
-9823118	Anti-Sigma(3170)-	3.17	0.015	8	-1	1	0	0	1.0	1	1
-9823218	Anti-Sigma(3170)0	3.17	0.015	8	-1	1	0	0	1.0	0	1
-9823228	Anti-Sigma(3170)+	3.17	0.015	8	-1	1	0	0	1.0	-1	1
9902226	Delta(2950)++	2.99	0.33	16	1	0	0	0	1.5	2	2
9902126	Delta(2950)+	2.99	0.33	16	1	0	0	0	1.5	1	3
9901216	Delta(2950)0	2.99	0.33	16	1	0	0	0	1.5	0	3
9901116	Delta(2950)-	2.99	0.33	16	1	0	0	0	1.5	-1	2
-9901116	Anti-Delta(2950)-	2.99	0.33	16	-1	0	0	0	1.5	1	2
-9901216	Anti-Delta(2950)0	2.99	0.33	16	-1	0	0	0	1.5	0	3
-9902126	Anti-Delta(2950)+	2.99	0.33	16	-1	0	0	0	1.5	-1	3
-9902226	Anti-Delta(2950)++	2.99	0.33	16	-1	0	0	0	1.5	-2	2
9902224	Delta(2750)++	2.794	0.35	14	1	0	0	0	1.5	2	2
9902124	Delta(2750)+	2.794	0.35	14	1	0	0	0	1.5	1	3
9901214	Delta(2750)0	2.794	0.35	14	1	0	0	0	1.5	0	3
9901114	Delta(2750)-	2.794	0.35	14	1	0	0	0	1.5	-1	2
-9901114	Anti-Delta(2750)-	2.794	0.35	14	-1	0	0	0	1.5	1	2
-9901214	Anti-Delta(2750)0	2.794	0.35	14	-1	0	0	0	1.5	0	3
-9902124	Anti-Delta(2750)+	2.794	0.35	14	-1	0	0	0	1.5	-1	3
-9902224	Anti-Delta(2750)++	2.794	0.35	14	-1	0	0	0	1.5	-2	2
9843226	Sigma(2620)+	2.62	0.2	6	1	-1	0	0	1.0	1	2
9843216	Sigma(2620)0	2.62	0.2	6	1	-1	0	0	1.0	0	3
9843116	Sigma(2620)-	2.62	0.2	6	1	-1	0	0	1.0	-1	2
-9843116	Anti-Sigma(2620)-	2.62	0.2	6	-1	1	0	0	1.0	1	2
-9843216	Anti-Sigma(2620)0	2.62	0.2	6	-1	1	0	0	1.0	0	3
-9843226	Anti-Sigma(2620)+	2.62	0.2	6	-1	1	0	0	1.0	-1	2
9902214	N(2700)+	2.612	0.35	14	1	0	0	0	0.5	1	3
9902114	N(2700)0	2.612	0.35	14	1	0	0	0	0.5	0	3
-9902114	Anti-N(2700)0	2.612	0.35	14	-1	0	0	0	0.5	0	3
-9902214	Anti-N(2700)+	2.612	0.35	14	-1	0	0	0	0.5	-1	3
9902212	N(2600)+	2.6	0.65	12	1	0	0	0	0.5	1	3
9902112	N(2600)0	2.6	0.65	12	1	0	0	0	0.5	0	3
-9902112	Anti-N(2600)0	2.6	0.65	12	-1	0	0	0	0.5	0	3
-9902212	Anti-N(2600)+	2.6	0.65	12	-1	0	0	0	0.5	-1	3
9852216	N(2570)+	2.57	0.25	6	1	0	0	0	0.5	1	1
9852116	N(2570)0	2.57	0.25	6	1	0	0	0	0.5	0	1
-9852116	Anti-N(2570)0	2.57	0.25	6	-1	0	0	0	0.5	0	1
-9852216	Anti-N(2570)+	2.57	0.25	6	-1	0	0	0	0.5	-1	1
9903322	Ksi(2500)0	2.5	0.1	12	1	-2	0	0	0.5	0	11
9903312	Ksi(2500)-	2.5	0.1	12	1	-2	0	0	0.5	-1	11
-9903312	Anti-Ksi(2500)-	2.5	0.1	12	-1	2	0	0	0.5	1	11
-9903322	Anti-Ksi(2500)0	2.5	0.1	12	-1	2	0	0	0.5	0	11
9000329	K4(2500)+	2.49	0.25	9	0	1	0	0	0.5	1	2
9000319	K4(2500)0	2.49	0.25	9	0	1	0	0	0.5	0	2
-9000319	Anti-K4(2500)0	2.49	0.25	9	0	-1	0	0	0.5	0	2
-9000329	Anti-K4(2500)+	2.49	0.25	9	0	-1	0	0	0.5	-1	2
9903332	Omega(2470)	2.474	0.072	12	1	-3	0	0	0.0	-1	2
-9903332	Anti-Omega(2470)	2.474	0.072	12	-1	3	0	0	0.0	1	2
9912228	Delta(2400)++	2.47	0.57	10	1	0	0	0	1.5	2	2
9912128	Delta(2400)+	2.47	0.57	10	1	0	0	0	1.5	1	3
9911218	Delta(2400)0	2.47	0.57	10	1	0	0	0	1.5	0	3
9911118	Delta(2400)-	2.47	0.57	10	1	0	0	0	1.5	-1	2
-9911118	Anti-Delta(2400)-	2.47	0.57	10	-1	0	0	0	1.5	1	2
-9911218	Anti-Delta(2400)0	2.47	0.57	10	-1	0	0	0	1.5	0	3
-9912128	Anti-Delta(2400)+	2.47	0.57	10	-1	0	0	0	1.5	-1	3
-9912228	Anti-Delta(2400)++	2.47	0.57	10	-1	0	0	0	1.5	-2	2
8000223	f6(2510)	2.465	0.255	13	0	0	0	0	0.0	0	3
9893224	Sigma(2455)+	2.455	0.12	4	1	-1	0	0	1.0	1	2
9893214	Sigma(2455)0	2.455	0.12	4	1	-1	0	0	1.0	0	3
9893114	Sigma(2455)-	2.455	0.12	4	1	-1	0	0	1.0	-1	2
-9893114	Anti-Sigma(2455)-	2.455	0.12	4	-1	1	0	0	1.0	1	2
-9893214	Anti-Sigma(2455)0	2.455	0.12	4	-1	1	0	0	1.0	0	3
-9893224	Anti-Sigma(2455)+	2.455	0.12	4	-1	1	0	0	1.0	-1	2
9902222	Delta(2420)++	2.45	0.5	12	1	0	0	0	1.5	2	2
9902122	Delta(2420)+	2.45	0.5	12	1	0	0	0	1.5	1	3
9901212	Delta(2420)0	2.45	0.5	12	1	0	0	0	1.5	0	3
9901112	Delta(2420)-	2.45	0.5	12	1	0	0	0	1.5	-1	2
-9901112	Anti-Delta(2420)-	2.45	0.5	12	-1	0	0	0	1.5	1	2
-9901212	Anti-Delta(2420)0	2.45	0.5	12	-1	0	0	0	1.5	0	3
-9902122	Anti-Delta(2420)+	2.45	0.5	12	-1	0	0	0	1.5	-1	3
-9902222	Anti-Delta(2420)++	2.45	0.5	12	-1	0	0	0	1.5	-2	2
9822228	Delta(2390)++	2.39	0.3	8	1	0	0	0	1.5	2	2
9822218	Delta(2390)+	2.39	0.3	8	1	0	0	0	1.5	1	3
9822118	Delta(2390)0	2.39	0.3	8	1	0	0	0	1.5	0	3
9821118	Delta(2390)-	2.39	0.3	8	1	0	0	0	1.5	-1	2
-9821118	Anti-Delta(2390)-	2.39	0.3	8	-1	0	0	0	1.5	1	2
-9822118	Anti-Delta(2390)0	2.39	0.3	8	-1	0	0	0	1.5	0	3
-9822218	Anti-Delta(2390)+	2.39	0.3	8	-1	0	0	0	1.5	-1	3
-9822228	Anti-Delta(2390)++	2.39	0.3	8	-1	0	0	0	1.5	-2	2
9803336	Omega(2380)	2.384	0.026	10	1	-3	0	0	0.0	-1	9
-9803336	Anti-Omega(2380)	2.384	0.026	10	-1	3	0	0	0.0	1	9
8200323	K5*(2380)+	2.382	0.178	11	0	1	0	0	0.5	1	3
8200313	K5*(2380)0	2.382	0.178	11	0	1	0	0	0.5	0	3
-8200313	Anti-K5*(2380)0	2.382	0.178	11	0	-1	0	0	0.5	0	3
-8200323	Anti-K5*(2380)+	2.382	0.178	11	0	-1	0	0	0.5	-1	3
9913328	Ksi(2370)0	2.37	0.08	10	1	-2	0	0	0.5	0	8
9913318	Ksi(2370)-	2.37	0.08	10	1	-2	0	0	0.5	-1	8
-9913318	Anti-Ksi(2370)-	2.37	0.08	10	-1	2	0	0	0.5	1	8
-9913328	Anti-Ksi(2370)0	2.37	0.08	10	-1	2	0	0	0.5	0	8
9903128	Lambda(2350)	2.35	0.15	10	1	-1	0	0	0.0	0	6
9832226	Delta(2350)++	2.35	0.35	6	1	0	0	0	1.5	2	2
9832126	Delta(2350)+	2.35	0.35	6	1	0	0	0	1.5	1	3
9831216	Delta(2350)0	2.35	0.35	6	1	0	0	0	1.5	0	3
9831116	Delta(2350)-	2.35	0.35	6	1	0	0	0	1.5	-1	2
-9831116	Anti-Delta(2350)-	2.35	0.35	6	-1	0	0	0	1.5	1	2
-9831216	Anti-Delta(2350)0	2.35	0.35	6	-1	0	0	0	1.5	0	3
-9832126	Anti-Delta(2350)+	2.35	0.35	6	-1	0	0	0	1.5	-1	3
-9832226	Anti-Delta(2350)++	2.35	0.35	6	-1	0	0	0	1.5	-2	2
-9903128	Anti-Lambda(2350)	2.35	0.15	10	-1	1	0	0	0.0	0	6
9090225	f2(2340)	2.345	0.322	5	0	0	0	0	0.0	0	3
7300221	X(2370)	2.3416	0.117	1	0	0	0	0	0.0	0	3
8000211	rho5(2350)+	2.33	0.4	11	0	0	0	0	1.0	1	1
8000111	rho5(2350)0	2.33	0.4	11	0	0	0	0	1.0	0	1
-8000211	Anti-rho5(2350)+	2.33	0.4	11	0	0	0	0	1.0	-1	1
9853124	Lambda(2325)	2.325	0.168	4	1	-1	0	0	0.0	0	4
-9853124	Anti-Lambda(2325)	2.325	0.168	4	-1	1	0	0	0.0	0	4
9010327	K3(2320)+	2.324	0.15	7	0	1	0	0	0.5	1	2
9010317	K3(2320)0	2.324	0.15	7	0	1	0	0	0.5	0	2
7030331	f0(2330)	2.324	0.194	1	0	0	0	0	0.0	0	1
-9010317	Anti-K3(2320)0	2.324	0.15	7	0	-1	0	0	0.5	0	2
-9010327	Anti-K3(2320)+	2.324	0.15	7	0	-1	0	0	0.5	-1	2
9010229	f4(2300)	2.32	0.25	9	0	0	0	0	0.0	0	12
9902228	Delta(2300)++	2.308	0.36	10	1	0	0	0	1.5	2	2
9902128	Delta(2300)+	2.308	0.36	10	1	0	0	0	1.5	1	3
9901218	Delta(2300)0	2.308	0.36	10	1	0	0	0	1.5	0	3
9901118	Delta(2300)-	2.308	0.36	10	1	0	0	0	1.5	-1	2
-9901118	Anti-Delta(2300)-	2.308	0.36	10	-1	0	0	0	1.5	1	2
-9901218	Anti-Delta(2300)0	2.308	0.36	10	-1	0	0	0	1.5	0	3
-9902128	Anti-Delta(2300)+	2.308	0.36	10	-1	0	0	0	1.5	-1	3
-9902228	Anti-Delta(2300)++	2.308	0.36	10	-1	0	0	0	1.5	-2	2
9882212	N(2300)+	2.3	0.34	2	1	0	0	0	0.5	1	1
9882112	N(2300)0	2.3	0.34	2	1	0	0	0	0.5	0	1
-9882112	Anti-N(2300)0	2.3	0.34	2	-1	0	0	0	0.5	0	1
-9882212	Anti-N(2300)+	2.3	0.34	2	-1	0	0	0	0.5	-1	1
9080225	f2(2300)	2.297	0.149	5	0	0	0	0	0.0	0	4
9912218	N(2250)+	2.28	0.5	10	1	0	0	0	0.5	1	3
9912118	N(2250)0	2.28	0.5	10	1	0	0	0	0.5	0	3
-9912118	Anti-N(2250)0	2.28	0.5	10	-1	0	0	0	0.5	0	3
-9912218	Anti-N(2250)+	2.28	0.5	10	-1	0	0	0	0.5	-1	3
203338	Omega(2250)	2.252	0.055	8	1	-3	0	0	0.0	-1	2
-203338	Anti-Omega(2250)	2.252	0.055	8	-1	3	0	0	0.0	1	2
9903328	Ksi(2250)0	2.25	0.088	10	1	-2	0	0	0.5	0	11
9903318	Ksi(2250)-	2.25	0.088	10	1	-2	0	0	0.5	-1	11
9902218	N(2220)+	2.25	0.4	10	1	0	0	0	0.5	1	3
9902118	N(2220)0	2.25	0.4	10	1	0	0	0	0.5	0	3
9833226	Sigma(2250)+	2.25	0.1	6	1	-1	0	0	1.0	1	5
9833216	Sigma(2250)0	2.25	0.1	6	1	-1	0	0	1.0	0	7
9833116	Sigma(2250)-	2.25	0.1	6	1	-1	0	0	1.0	-1	5
329	K4*(2045)+	2.25	0.199	9	0	1	0	0	0.5	1	19
319	K4*(2045)0	2.25	0.199	9	0	1	0	0	0.5	0	17
-319	Anti-K4*(2045)0	2.25	0.199	9	0	-1	0	0	0.5	0	17
-329	Anti-K4*(2045)+	2.25	0.199	9	0	-1	0	0	0.5	-1	19
-9833116	Anti-Sigma(2250)-	2.25	0.1	6	-1	1	0	0	1.0	1	5
-9833216	Anti-Sigma(2250)0	2.25	0.1	6	-1	1	0	0	1.0	0	7
-9833226	Anti-Sigma(2250)+	2.25	0.1	6	-1	1	0	0	1.0	-1	5
-9902118	Anti-N(2220)0	2.25	0.4	10	-1	0	0	0	0.5	0	3
-9902218	Anti-N(2220)+	2.25	0.4	10	-1	0	0	0	0.5	-1	3
-9903318	Anti-Ksi(2250)-	2.25	0.088	10	-1	2	0	0	0.5	1	11
-9903328	Anti-Ksi(2250)0	2.25	0.088	10	-1	2	0	0	0.5	0	11
9020325	K2(2250)+	2.247	0.18	5	0	1	0	0	0.5	1	7
9020315	K2(2250)0	2.247	0.18	5	0	1	0	0	0.5	0	7
-9020315	Anti-K2(2250)0	2.247	0.18	5	0	-1	0	0	0.5	0	7
-9020325	Anti-K2(2250)+	2.247	0.18	5	0	-1	0	0	0.5	-1	7
9883224	Sigma(2230)+	2.24	0.345	4	1	-1	0	0	1.0	1	11
9883214	Sigma(2230)0	2.24	0.345	4	1	-1	0	0	1.0	0	16
9883114	Sigma(2230)-	2.24	0.345	4	1	-1	0	0	1.0	-1	11
-9883114	Anti-Sigma(2230)-	2.24	0.345	4	-1	1	0	0	1.0	1	11
-9883214	Anti-Sigma(2230)0	2.24	0.345	4	-1	1	0	0	1.0	0	16
-9883224	Anti-Sigma(2230)+	2.24	0.345	4	-1	1	0	0	1.0	-1	11
9000229	fJ(2220)	2.2311	0.023	5	0	0	0	0	0.0	0	5
9080221	eta(2225)	2.221	0.185	1	0	0	0	0	0.0	0	1
9812228	Delta(2200)++	2.2	0.35	8	1	0	0	0	1.5	2	5
9812218	Delta(2200)+	2.2	0.35	8	1	0	0	0	1.5	1	8
9812118	Delta(2200)0	2.2	0.35	8	1	0	0	0	1.5	0	8
9811118	Delta(2200)-	2.2	0.35	8	1	0	0	0	1.5	-1	5
9010217	rho3(2250)+	2.2	0.158	7	0	0	0	0	1.0	1	1
9010117	rho3(2250)0	2.2	0.158	7	0	0	0	0	1.0	0	1
-9010217	Anti-rho3(2250)+	2.2	0.158	7	0	0	0	0	1.0	-1	1
-9811118	Anti-Delta(2200)-	2.2	0.35	8	-1	0	0	0	1.5	1	5
-9812118	Anti-Delta(2200)0	2.2	0.35	8	-1	0	0	0	1.5	0	8
-9812218	Anti-Delta(2200)+	2.2	0.35	8	-1	0	0	0	1.5	-1	8
-9812228	Anti-Delta(2200)++	2.2	0.35	8	-1	0	0	0	1.5	-2	5
9070221	f0(2200)	2.187	0.207	1	0	0	0	0	0.0	0	1
2128	N(2190)+	2.18	0.4	8	1	0	0	0	0.5	1	9
1218	N(2190)0	2.18	0.4	8	1	0	0	0	0.5	0	9
-1218	Anti-N(2190)0	2.18	0.4	8	-1	0	0	0	0.5	0	9
-2128	Anti-N(2190)+	2.18	0.4	8	-1	0	0	0	0.5	-1	9
7200333	phi(2170)	2.159	0.137	3	0	0	0	0	0.0	0	7
9070225	f2(2150)	2.157	0.152	5	0	0	0	0	0.0	0	11
9842222	Delta(2150)++	2.15	0.2	2	1	0	0	0	1.5	2	2
9842122	Delta(2150)+	2.15	0.2	2	1	0	0	0	1.5	1	3
9841212	Delta(2150)0	2.15	0.2	2	1	0	0	0	1.5	0	3
9841112	Delta(2150)-	2.15	0.2	2	1	0	0	0	1.5	-1	2
9040213	rho(2150)+	2.15	0.254	3	0	0	0	0	1.0	1	8
9040113	rho(2150)0	2.15	0.254	3	0	0	0	0	1.0	0	8
-9040213	Anti-rho(2150)+	2.15	0.254	3	0	0	0	0	1.0	-1	8
-9841112	Anti-Delta(2150)-	2.15	0.2	2	-1	0	0	0	1.5	1	2
-9841212	Anti-Delta(2150)0	2.15	0.2	2	-1	0	0	0	1.5	0	3
-9842122	Anti-Delta(2150)+	2.15	0.2	2	-1	0	0	0	1.5	-1	3
-9842222	Anti-Delta(2150)++	2.15	0.2	2	-1	0	0	0	1.5	-2	2
9862124	N(2120)+	2.12	0.3	4	1	0	0	0	0.5	1	11
9861214	N(2120)0	2.12	0.3	4	1	0	0	0	0.5	0	11
9803328	Ksi(2120)0	2.12	0.02	8	1	-2	0	0	0.5	0	2
9803318	Ksi(2120)-	2.12	0.02	8	1	-2	0	0	0.5	-1	2
-9803318	Anti-Ksi(2120)-	2.12	0.02	8	-1	2	0	0	0.5	1	2
-9803328	Anti-Ksi(2120)0	2.12	0.02	8	-1	2	0	0	0.5	0	2
-9861214	Anti-N(2120)0	2.12	0.3	4	-1	0	0	0	0.5	0	11
-9862124	Anti-N(2120)+	2.12	0.3	4	-1	0	0	0	0.5	-1	11
9863222	Sigma(2160)+	2.105	0.313	2	1	-1	0	0	1.0	1	5
9863212	Sigma(2160)0	2.105	0.313	2	1	-1	0	0	1.0	0	8
9863112	Sigma(2160)-	2.105	0.313	2	1	-1	0	0	1.0	-1	5
-9863112	Anti-Sigma(2160)-	2.105	0.313	2	-1	1	0	0	1.0	1	5
-9863212	Anti-Sigma(2160)0	2.105	0.313	2	-1	1	0	0	1.0	0	8
-9863222	Anti-Sigma(2160)+	2.105	0.313	2	-1	1	0	0	1.0	-1	5
9872212	N(2100)+	2.1	0.26	2	1	0	0	0	0.5	1	10
9872112	N(2100)0	2.1	0.26	2	1	0	0	0	0.5	0	10
9842216	N(2060)+	2.1	0.4	6	1	0	0	0	0.5	1	16
9842116	N(2060)0	2.1	0.4	6	1	0	0	0	0.5	0	16
9822226	Delta(2000)++	2.1	0.45	6	1	0	0	0	1.5	2	5
9822126	Delta(2000)+	2.1	0.45	6	1	0	0	0	1.5	1	9
9821216	Delta(2000)0	2.1	0.45	6	1	0	0	0	1.5	0	8
9821116	Delta(2000)-	2.1	0.45	6	1	0	0	0	1.5	-1	5
9813228	Sigma(2100)+	2.1	0.232	8	1	-1	0	0	1.0	1	5
9813218	Sigma(2100)0	2.1	0.232	8	1	-1	0	0	1.0	0	7
9813118	Sigma(2100)-	2.1	0.232	8	1	-1	0	0	1.0	-1	5
3128	Lambda(2100)	2.1	0.2	8	1	-1	0	0	0.0	0	12
-3128	Anti-Lambda(2100)	2.1	0.2	8	-1	1	0	0	0.0	0	12
-9813118	Anti-Sigma(2100)-	2.1	0.232	8	-1	1	0	0	1.0	1	5
-9813218	Anti-Sigma(2100)0	2.1	0.232	8	-1	1	0	0	1.0	0	7
-9813228	Anti-Sigma(2100)+	2.1	0.232	8	-1	1	0	0	1.0	-1	5
-9821216	Anti-Delta(2000)0	2.1	0.45	6	-1	0	0	0	1.5	0	8
-9822126	Anti-Delta(2000)+	2.1	0.45	6	-1	0	0	0	1.5	-1	9
-9822226	Anti-Delta(2000)++	2.1	0.45	6	-1	0	0	0	1.5	-2	5
-9842116	Anti-N(2060)0	2.1	0.4	6	-1	0	0	0	0.5	0	16
-9842216	Anti-N(2060)+	2.1	0.4	6	-1	0	0	0	0.5	-1	16
-9872112	Anti-N(2100)0	2.1	0.26	2	-1	0	0	0	0.5	0	10
-9872212	Anti-N(2100)+	2.1	0.26	2	-1	0	0	0	0.5	-1	10
9873224	Sigma(2080)+	2.09	0.17	4	1	-1	0	0	1.0	1	4
9873214	Sigma(2080)0	2.09	0.17	4	1	-1	0	0	1.0	0	6
9873114	Sigma(2080)-	2.09	0.17	4	1	-1	0	0	1.0	-1	4
9010215	pi2(2100)+	2.09	0.625	5	0	0	0	0	1.0	1	6
9010115	pi2(2100)0	2.09	0.625	5	0	0	0	0	1.0	0	7
23126	Lambda(2110)	2.09	0.25	6	1	-1	0	0	0.0	0	12
-23126	Anti-Lambda(2110)	2.09	0.25	6	-1	1	0	0	0.0	0	12
-9010215	Anti-pi2(2100)+	2.09	0.625	5	0	0	0	0	1.0	-1	6
-9873114	Anti-Sigma(2080)-	2.09	0.17	4	-1	1	0	0	1.0	1	4
-9873214	Anti-Sigma(2080)0	2.09	0.17	4	-1	1	0	0	1.0	0	6
-9873224	Anti-Sigma(2080)+	2.09	0.17	4	-1	1	0	0	1.0	-1	4
9060221	f0(2100)	2.086	0.284	1	0	0	0	0	0.0	0	1
9813128	Lambda(2085)	2.084	0.155	8	1	-1	0	0	0.0	0	3
-9813128	Anti-Lambda(2085)	2.084	0.155	8	-1	1	0	0	0.0	0	3
9833126	Lambda(2080)	2.082	0.181	6	1	-1	0	0	0.0	0	13
-9833126	Anti-Lambda(2080)	2.082	0.181	6	-1	1	0	0	0.0	0	13
9843124	Lambda(2070)	2.07	0.37	4	1	-1	0	0	0.0	0	13
-9843124	Anti-Lambda(2070)	2.07	0.37	4	-1	1	0	0	0.0	0	13
9823226	Sigma(2070)+	2.06	0.2	6	1	-1	0	0	1.0	1	4
9823216	Sigma(2070)0	2.06	0.2	6	1	-1	0	0	1.0	0	6
9823116	Sigma(2070)-	2.06	0.2	6	1	-1	0	0	1.0	-1	4
-9823116	Anti-Sigma(2070)-	2.06	0.2	6	-1	1	0	0	1.0	1	4
-9823216	Anti-Sigma(2070)0	2.06	0.2	6	-1	1	0	0	1.0	0	6
-9823226	Anti-Sigma(2070)+	2.06	0.2	6	-1	1	0	0	1.0	-1	4
9833124	Lambda(2050)	2.056	0.493	4	1	-1	0	0	0.0	0	11
-9833124	Anti-Lambda(2050)	2.056	0.493	4	-1	1	0	0	0.0	0	11
9852124	N(2040)+	2.054	0.197	4	1	0	0	0	0.5	1	1
9851214	N(2040)0	2.054	0.197	4	1	0	0	0	0.5	0	1
-9851214	Anti-N(2040)0	2.054	0.197	4	-1	0	0	0	0.5	0	1
-9852124	Anti-N(2040)+	2.054	0.197	4	-1	0	0	0	0.5	-1	1
3228	Sigma(2030)+	2.03	0.18	8	1	-1	0	0	1.0	1	11
3218	Sigma(2030)0	2.03	0.18	8	1	-1	0	0	1.0	0	14
3118	Sigma(2030)-	2.03	0.18	8	1	-1	0	0	1.0	-1	11
-3118	Anti-Sigma(2030)-	2.03	0.18	8	-1	1	0	0	1.0	1	11
-3218	Anti-Sigma(2030)0	2.03	0.18	8	-1	1	0	0	1.0	0	14
-3228	Anti-Sigma(2030)+	2.03	0.18	8	-1	1	0	0	1.0	-1	11
203326	Ksi(2030)0	2.025	0.02	6	1	-2	0	0	0.5	0	3
203316	Ksi(2030)-	2.025	0.02	6	1	-2	0	0	0.5	-1	3
-203316	Anti-Ksi(2030)-	2.025	0.02	6	-1	2	0	0	0.5	1	3
-203326	Anti-Ksi(2030)0	2.025	0.02	6	-1	2	0	0	0.5	0	3
9812128	N(1990)+	2.02	0.3	8	1	0	0	0	0.5	1	3
9811218	N(1990)0	2.02	0.3	8	1	0	0	0	0.5	0	3
-9811218	Anti-N(1990)0	2.02	0.3	8	-1	0	0	0	0.5	0	3
-9812128	Anti-N(1990)+	2.02	0.3	8	-1	0	0	0	0.5	-1	3
229	f4(2050)	2.018	0.237	9	0	0	0	0	0.0	0	4
9813334	Omega(2012)	2.0124	0.0064	4	1	-3	0	0	0.0	-1	2
-9813334	Anti-Omega(2012)	2.0124	0.0064	4	-1	3	0	0	0.0	1	2
9060225	f2(2010)	2.011	0.202	5	0	0	0	0	0.0	0	3
9863224	Sigma(2010)+	2.005	0.178	4	1	-1	0	0	1.0	1	11
9863214	Sigma(2010)0	2.005	0.178	4	1	-1	0	0	1.0	0	16
9863114	Sigma(2010)-	2.005	0.178	4	1	-1	0	0	1.0	-1	11
-9863114	Anti-Sigma(2010)-	2.005	0.178	4	-1	1	0	0	1.0	1	11
-9863214	Anti-Sigma(2010)0	2.005	0.178	4	-1	1	0	0	1.0	0	16
-9863224	Anti-Sigma(2010)+	2.005	0.178	4	-1	1	0	0	1.0	-1	11
9873122	Lambda(2000)	2.0	0.19	2	1	-1	0	0	0.0	0	4
9842224	Delta(1940)++	2.0	0.4	4	1	0	0	0	1.5	2	6
9842214	Delta(1940)+	2.0	0.4	4	1	0	0	0	1.5	1	10
9842114	Delta(1940)0	2.0	0.4	4	1	0	0	0	1.5	0	10
9841114	Delta(1940)-	2.0	0.4	4	1	0	0	0	1.5	-1	6
9832216	N(2000)+	2.0	0.294	6	1	0	0	0	0.5	1	11
9832116	N(2000)0	2.0	0.294	6	1	0	0	0	0.5	0	11
-9821116	Anti-Delta(2000)-	2.0	0.25218341	6	-1	0	0	0	1.5	1	5
-9832116	Anti-N(2000)0	2.0	0.294	6	-1	0	0	0	0.5	0	11
-9832216	Anti-N(2000)+	2.0	0.294	6	-1	0	0	0	0.5	-1	11
-9841114	Anti-Delta(1940)-	2.0	0.4	4	-1	0	0	0	1.5	1	6
-9842114	Anti-Delta(1940)0	2.0	0.4	4	-1	0	0	0	1.5	0	10
-9842214	Anti-Delta(1940)+	2.0	0.4	4	-1	0	0	0	1.5	-1	10
-9842224	Anti-Delta(1940)++	2.0	0.4	4	-1	0	0	0	1.5	-2	6
-9873122	Anti-Lambda(2000)	2.0	0.19	2	-1	1	0	0	0.0	0	4
9010325	K2*(1980)+	1.995	0.349	5	0	1	0	0	0.5	1	6
9010315	K2*(1980)0	1.995	0.349	5	0	1	0	0	0.5	0	6
-9010315	Anti-K2*(1980)0	1.995	0.349	5	0	-1	0	0	0.5	0	6
-9010325	Anti-K2*(1980)+	1.995	0.349	5	0	-1	0	0	0.5	-1	6
9050221	f0(2020)	1.992	0.442	1	0	0	0	0	0.0	0	8
9000217	rho3(1990)+	1.982	0.188	7	0	0	0	0	1.0	1	1
9000117	rho3(1990)0	1.982	0.188	7	0	0	0	0	1.0	0	1
-9000217	Anti-rho3(1990)+	1.982	0.188	7	0	0	0	0	1.0	-1	1
219	a4(1970)+	1.967	0.324	9	0	0	0	0	1.0	1	7
119	a4(1970)0	1.967	0.324	9	0	0	0	0	1.0	0	7
-219	Anti-a4(1970)+	1.967	0.324	9	0	0	0	0	1.0	-1	7
7210215	pi2(2005)+	1.963	0.37	5	0	0	0	0	1.0	1	3
7210115	pi2(2005)0	1.963	0.37	5	0	0	0	0	1.0	0	3
-7210215	Anti-pi2(2005)+	1.963	0.37	5	0	0	0	0	1.0	-1	3
103326	Ksi(1950)0	1.95	0.06	6	1	-2	0	0	0.5	0	3
103316	Ksi(1950)-	1.95	0.06	6	1	-2	0	0	0.5	-1	3
12226	Delta(1930)++	1.95	0.3	6	1	0	0	0	1.5	2	2
12126	Delta(1930)+	1.95	0.3	6	1	0	0	0	1.5	1	3
11216	Delta(1930)0	1.95	0.3	6	1	0	0	0	1.5	0	3
11116	Delta(1930)-	1.95	0.3	6	1	0	0	0	1.5	-1	2
-11116	Anti-Delta(1930)-	1.95	0.3	6	-1	0	0	0	1.5	1	2
-11216	Anti-Delta(1930)0	1.95	0.3	6	-1	0	0	0	1.5	0	3
-12126	Anti-Delta(1930)+	1.95	0.3	6	-1	0	0	0	1.5	-1	3
-12226	Anti-Delta(1930)++	1.95	0.3	6	-1	0	0	0	1.5	-2	2
-103316	Anti-Ksi(1950)-	1.95	0.06	6	-1	2	0	0	0.5	1	3
-103326	Anti-Ksi(1950)0	1.95	0.06	6	-1	2	0	0	0.5	0	3
9020321	K0*(1950)+	1.945	0.201	1	0	1	0	0	0.5	1	3
9020311	K0*(1950)0	1.945	0.201	1	0	1	0	0	0.5	0	3
-9020311	Anti-K0*(1950)0	1.945	0.201	1	0	-1	0	0	0.5	0	3
-9020321	Anti-K0*(1950)+	1.945	0.201	1	0	-1	0	0	0.5	-1	3
9853224	Sigma(1940)+	1.94	0.25	4	1	-1	0	0	1.0	1	7
9853214	Sigma(1940)0	1.94	0.25	4	1	-1	0	0	1.0	0	10
9853114	Sigma(1940)-	1.94	0.25	4	1	-1	0	0	1.0	-1	7
-9853114	Anti-Sigma(1940)-	1.94	0.25	4	-1	1	0	0	1.0	1	7
-9853214	Anti-Sigma(1940)0	1.94	0.25	4	-1	1	0	0	1.0	0	10
-9853224	Anti-Sigma(1940)+	1.94	0.25	4	-1	1	0	0	1.0	-1	7
9050225	f2(1950)	1.936	0.464	5	0	0	0	0	0.0	0	4
7110211	a0(1950)+	1.931	0.271	1	0	0	0	0	1.0	1	2
7110111	a0(1950)0	1.931	0.271	1	0	0	0	0	1.0	0	3
-7110211	Anti-a0(1950)+	1.931	0.271	1	0	0	0	0	1.0	-1	2
2228	Delta(1950)++	1.93	0.285	8	1	0	0	0	1.5	2	5
2218	Delta(1950)+	1.93	0.285	8	1	0	0	0	1.5	1	9
2118	Delta(1950)0	1.93	0.285	8	1	0	0	0	1.5	0	9
1118	Delta(1950)-	1.93	0.285	8	1	0	0	0	1.5	-1	5
-1118	Anti-Delta(1950)-	1.93	0.285	8	-1	0	0	0	1.5	1	5
-2118	Anti-Delta(1950)0	1.93	0.285	8	-1	0	0	0	1.5	0	9
-2218	Anti-Delta(1950)+	1.93	0.285	8	-1	0	0	0	1.5	-1	9
-2228	Anti-Delta(1950)++	1.93	0.285	8	-1	0	0	0	1.5	-2	5
9853222	Sigma(1900)+	1.925	0.165	2	1	-1	0	0	1.0	1	11
9853212	Sigma(1900)0	1.925	0.165	2	1	-1	0	0	1.0	0	16
9853112	Sigma(1900)-	1.925	0.165	2	1	-1	0	0	1.0	-1	11
-9853112	Anti-Sigma(1900)-	1.925	0.165	2	-1	1	0	0	1.0	1	11
-9853212	Anti-Sigma(1900)0	1.925	0.165	2	-1	1	0	0	1.0	0	16
-9853222	Anti-Sigma(1900)+	1.925	0.165	2	-1	1	0	0	1.0	-1	11
9842124	N(1900)+	1.92	0.2	4	1	0	0	0	0.5	1	9
9841214	N(1900)0	1.92	0.2	4	1	0	0	0	0.5	0	9
22224	Delta(1920)++	1.92	0.3	4	1	0	0	0	1.5	2	6
22214	Delta(1920)+	1.92	0.3	4	1	0	0	0	1.5	1	10
22114	Delta(1920)0	1.92	0.3	4	1	0	0	0	1.5	0	10
21114	Delta(1920)-	1.92	0.3	4	1	0	0	0	1.5	-1	6
-21114	Anti-Delta(1920)-	1.92	0.3	4	-1	0	0	0	1.5	1	6
-22114	Anti-Delta(1920)0	1.92	0.3	4	-1	0	0	0	1.5	0	10
-22214	Anti-Delta(1920)+	1.92	0.3	4	-1	0	0	0	1.5	-1	10
-22224	Anti-Delta(1920)++	1.92	0.3	4	-1	0	0	0	1.5	-2	6
-9841214	Anti-N(1900)0	1.92	0.2	4	-1	0	0	0	0.5	0	9
-9842124	Anti-N(1900)+	1.92	0.2	4	-1	0	0	0	0.5	-1	9
13226	Sigma(1915)+	1.915	0.12	6	1	-1	0	0	1.0	1	11
13216	Sigma(1915)0	1.915	0.12	6	1	-1	0	0	1.0	0	15
13116	Sigma(1915)-	1.915	0.12	6	1	-1	0	0	1.0	-1	11
-13116	Anti-Sigma(1915)-	1.915	0.12	6	-1	1	0	0	1.0	1	11
-13216	Anti-Sigma(1915)0	1.915	0.12	6	-1	1	0	0	1.0	0	15
-13226	Anti-Sigma(1915)+	1.915	0.12	6	-1	1	0	0	1.0	-1	11
23224	Sigma(1910)+	1.91	0.22	4	1	-1	0	0	1.0	1	7
23214	Sigma(1910)0	1.91	0.22	4	1	-1	0	0	1.0	0	10
23114	Sigma(1910)-	1.91	0.22	4	1	-1	0	0	1.0	-1	7
-23114	Anti-Sigma(1910)-	1.91	0.22	4	-1	1	0	0	1.0	1	7
-23214	Anti-Sigma(1910)0	1.91	0.22	4	-1	1	0	0	1.0	0	10
-23224	Anti-Sigma(1910)+	1.91	0.22	4	-1	1	0	0	1.0	-1	7
9040225	f2(1910)	1.9	0.167	5	0	0	0	0	0.0	0	4
22222	Delta(1910)++	1.9	0.3	2	1	0	0	0	1.5	2	5
22122	Delta(1910)+	1.9	0.3	2	1	0	0	0	1.5	1	8
21212	Delta(1910)0	1.9	0.3	2	1	0	0	0	1.5	0	8
21112	Delta(1910)-	1.9	0.3	2	1	0	0	0	1.5	-1	5
-21112	Anti-Delta(1910)-	1.9	0.3	2	-1	0	0	0	1.5	1	5
-21212	Anti-Delta(1910)0	1.9	0.3	2	-1	0	0	0	1.5	0	8
-22122	Anti-Delta(1910)+	1.9	0.3	2	-1	0	0	0	1.5	-1	8
-22222	Anti-Delta(1910)++	1.9	0.3	2	-1	0	0	0	1.5	-2	5
9862212	N(1895)+	1.895	0.12	2	1	0	0	0	0.5	1	13
9862112	N(1895)0	1.895	0.12	2	1	0	0	0	0.5	0	12
-9862112	Anti-N(1895)0	1.895	0.12	2	-1	0	0	0	0.5	0	12
-9862212	Anti-N(1895)+	1.895	0.12	2	-1	0	0	0	0.5	-1	13
9822216	N(1860)+	1.89	0.247	6	1	0	0	0	0.5	1	7
9822116	N(1860)0	1.89	0.247	6	1	0	0	0	0.5	0	7
23124	Lambda(1890)	1.89	0.12	4	1	-1	0	0	0.0	0	11
-23124	Anti-Lambda(1890)	1.89	0.12	4	-1	1	0	0	0.0	0	11
-9822116	Anti-N(1860)0	1.89	0.247	6	-1	0	0	0	0.5	0	7
-9822216	Anti-N(1860)+	1.89	0.247	6	-1	0	0	0	0.5	-1	7
9030213	rho(1900)+	1.886	0.077	3	0	0	0	0	1.0	1	2
9030113	rho(1900)0	1.886	0.077	3	0	0	0	0	1.0	0	2
-9030213	Anti-rho(1900)+	1.886	0.077	3	0	0	0	0	1.0	-1	2
9852212	N(1880)+	1.88	0.3	2	1	0	0	0	0.5	1	11
9852112	N(1880)0	1.88	0.3	2	1	0	0	0	0.5	0	11
9843222	Sigma(1880)+	1.88	0.2	2	1	-1	0	0	1.0	1	5
9843212	Sigma(1880)0	1.88	0.2	2	1	-1	0	0	1.0	0	7
9843112	Sigma(1880)-	1.88	0.2	2	1	-1	0	0	1.0	-1	5
2226	Delta(1905)++	1.88	0.33	6	1	0	0	0	1.5	2	4
2126	Delta(1905)+	1.88	0.33	6	1	0	0	0	1.5	1	7
1216	Delta(1905)0	1.88	0.33	6	1	0	0	0	1.5	0	7
1116	Delta(1905)-	1.88	0.33	6	1	0	0	0	1.5	-1	4
-1116	Anti-Delta(1905)-	1.88	0.33	6	-1	0	0	0	1.5	1	4
-1216	Anti-Delta(1905)0	1.88	0.33	6	-1	0	0	0	1.5	0	7
-2126	Anti-Delta(1905)+	1.88	0.33	6	-1	0	0	0	1.5	-1	7
-2226	Anti-Delta(1905)++	1.88	0.33	6	-1	0	0	0	1.5	-2	4
-9843112	Anti-Sigma(1880)-	1.88	0.2	2	-1	1	0	0	1.0	1	5
-9843212	Anti-Sigma(1880)0	1.88	0.2	2	-1	1	0	0	1.0	0	7
-9843222	Anti-Sigma(1880)+	1.88	0.2	2	-1	1	0	0	1.0	-1	5
-9852112	Anti-N(1880)0	1.88	0.3	2	-1	0	0	0	0.5	0	11
-9852212	Anti-N(1880)+	1.88	0.3	2	-1	0	0	0	0.5	-1	11
9812124	N(1875)+	1.875	0.2	4	1	0	0	0	0.5	1	10
9811214	N(1875)0	1.875	0.2	4	1	0	0	0	0.5	0	10
-9811214	Anti-N(1875)0	1.875	0.2	4	-1	0	0	0	0.5	0	10
-9812124	Anti-N(1875)+	1.875	0.2	4	-1	0	0	0	0.5	-1	10
9010321	K(1830)+	1.874	0.168	1	0	1	0	0	0.5	1	2
9010311	K(1830)0	1.874	0.168	1	0	1	0	0	0.5	0	2
7110215	pi2(1880)+	1.874	0.237	5	0	0	0	0	1.0	1	4
7110115	pi2(1880)0	1.874	0.237	5	0	0	0	0	1.0	0	4
-7110215	Anti-pi2(1880)+	1.874	0.237	5	0	0	0	0	1.0	-1	4
-9010311	Anti-K(1830)0	1.874	0.168	1	0	-1	0	0	0.5	0	2
-9010321	Anti-K(1830)+	1.874	0.168	1	0	-1	0	0	0.5	-1	2
12222	Delta(1900)++	1.86	0.25	2	1	0	0	0	1.5	2	6
12122	Delta(1900)+	1.86	0.25	2	1	0	0	0	1.5	1	10
11212	Delta(1900)0	1.86	0.25	2	1	0	0	0	1.5	0	10
11112	Delta(1900)-	1.86	0.25	2	1	0	0	0	1.5	-1	6
-11112	Anti-Delta(1900)-	1.86	0.25	2	-1	0	0	0	1.5	1	6
-11212	Anti-Delta(1900)0	1.86	0.25	2	-1	0	0	0	1.5	0	10
-12122	Anti-Delta(1900)+	1.86	0.25	2	-1	0	0	0	1.5	-1	10
-12222	Anti-Delta(1900)++	1.86	0.25	2	-1	0	0	0	1.5	-2	6
337	phi3(1850)	1.854	0.087	7	0	0	0	0	0.0	0	7
10335	eta2(1870)	1.842	0.225	5	0	0	0	0	0.0	0	9
7200221	X(1835)	1.8265	0.242	1	0	0	0	0	0.0	0	2
13126	Lambda(1830)	1.825	0.09	6	1	-1	0	0	0.0	0	9
-13126	Anti-Lambda(1830)	1.825	0.09	6	-1	1	0	0	0.0	0	9
13324	Ksi(1820)0	1.823	0.024	4	1	-2	0	0	0.5	0	7
13314	Ksi(1820)-	1.823	0.024	4	1	-2	0	0	0.5	-1	7
-13314	Anti-Ksi(1820)-	1.823	0.024	4	-1	2	0	0	0.5	1	7
-13324	Anti-Ksi(1820)0	1.823	0.024	4	-1	2	0	0	0.5	0	7
3126	Lambda(1820)	1.82	0.08	6	1	-1	0	0	0.0	0	9
-3126	Anti-Lambda(1820)	1.82	0.08	6	-1	1	0	0	0.0	0	9
20325	K2(1820)+	1.819	0.264	5	0	1	0	0	0.5	1	10
20315	K2(1820)0	1.819	0.264	5	0	1	0	0	0.5	0	10
-20315	Anti-K2(1820)0	1.819	0.264	5	0	-1	0	0	0.5	0	10
-20325	Anti-K2(1820)+	1.819	0.264	5	0	-1	0	0	0.5	-1	10
9030225	f2(1810)	1.815	0.197	5	0	0	0	0	0.0	0	3
9010211	pi(1800)+	1.81	0.215	1	0	0	0	0	1.0	1	5
9010111	pi(1800)0	1.81	0.215	1	0	0	0	0	1.0	0	5
-9010211	Anti-pi(1800)+	1.81	0.215	1	0	0	0	0	1.0	-1	5
43122	Lambda(1800)	1.8	0.2	2	1	-1	0	0	0.0	0	10
-43122	Anti-Lambda(1800)	1.8	0.2	2	-1	1	0	0	0.0	0	10
53122	Lambda(1810)	1.79	0.11	2	1	-1	0	0	0.0	0	8
-53122	Anti-Lambda(1810)	1.79	0.11	2	-1	1	0	0	0.0	0	8
9843224	Sigma(1780)+	1.78	0.2	4	1	-1	0	0	1.0	1	5
9843214	Sigma(1780)0	1.78	0.2	4	1	-1	0	0	1.0	0	7
9843114	Sigma(1780)-	1.78	0.2	4	1	-1	0	0	1.0	-1	5
-9843114	Anti-Sigma(1780)-	1.78	0.2	4	-1	1	0	0	1.0	1	5
-9843214	Anti-Sigma(1780)0	1.78	0.2	4	-1	1	0	0	1.0	0	7
-9843224	Anti-Sigma(1780)+	1.78	0.2	4	-1	1	0	0	1.0	-1	5
327	K3*(1780)+	1.779	0.161	7	0	1	0	0	0.5	1	9
317	K3*(1780)0	1.779	0.161	7	0	1	0	0	0.5	0	9
-317	Anti-K3*(1780)0	1.779	0.161	7	0	-1	0	0	0.5	0	9
-327	Anti-K3*(1780)+	1.779	0.161	7	0	-1	0	0	0.5	-1	9
3226	Sigma(1775)+	1.775	0.12	6	1	-1	0	0	1.0	1	7
3216	Sigma(1775)0	1.775	0.12	6	1	-1	0	0	1.0	0	8
3116	Sigma(1775)-	1.775	0.12	6	1	-1	0	0	1.0	-1	7
-3116	Anti-Sigma(1775)-	1.775	0.12	6	-1	1	0	0	1.0	1	7
-3216	Anti-Sigma(1775)0	1.775	0.12	6	-1	1	0	0	1.0	0	8
-3226	Anti-Sigma(1775)+	1.775	0.12	6	-1	1	0	0	1.0	-1	7
10325	K2(1770)+	1.773	0.186	5	0	1	0	0	0.5	1	5
10315	K2(1770)0	1.773	0.186	5	0	1	0	0	0.5	0	5
-10315	Anti-K2(1770)0	1.773	0.186	5	0	-1	0	0	0.5	0	5
-10325	Anti-K2(1770)+	1.773	0.186	5	0	-1	0	0	0.5	-1	5
9040221	eta(1760)	1.751	0.24	1	0	0	0	0	0.0	0	4
23222	Sigma(1750)+	1.75	0.15	2	1	-1	0	0	1.0	1	5
23212	Sigma(1750)0	1.75	0.15	2	1	-1	0	0	1.0	0	7
23112	Sigma(1750)-	1.75	0.15	2	1	-1	0	0	1.0	-1	5
-23112	Anti-Sigma(1750)-	1.75	0.15	2	-1	1	0	0	1.0	1	5
-23212	Anti-Sigma(1750)0	1.75	0.15	2	-1	1	0	0	1.0	0	7
-23222	Anti-Sigma(1750)+	1.75	0.15	2	-1	1	0	0	1.0	-1	5
32124	N(1720)+	1.72	0.25	4	1	0	0	0	0.5	1	6
31214	N(1720)0	1.72	0.25	4	1	0	0	0	0.5	0	6
30213	rho(1700)+	1.72	0.25	3	0	0	0	0	1.0	1	7
30113	rho(1700)0	1.72	0.25	3	0	0	0	0	1.0	0	7
22124	N(1700)+	1.72	0.2	4	1	0	0	0	0.5	1	6
21214	N(1700)0	1.72	0.2	4	1	0	0	0	0.5	0	6
-21214	Anti-N(1700)0	1.72	0.2	4	-1	0	0	0	0.5	0	6
-22124	Anti-N(1700)+	1.72	0.2	4	-1	0	0	0	0.5	-1	6
-30213	Anti-rho(1700)+	1.72	0.25	3	0	0	0	0	1.0	-1	7
-31214	Anti-N(1720)0	1.72	0.25	4	-1	0	0	0	0.5	0	6
-32124	Anti-N(1720)+	1.72	0.25	4	-1	0	0	0	0.5	-1	6
30323	K*(1680)+	1.718	0.322	3	0	1	0	0	0.5	1	6
30313	K*(1680)0	1.718	0.322	3	0	1	0	0	0.5	0	6
-30313	Anti-K*(1680)0	1.718	0.322	3	0	-1	0	0	0.5	0	6
-30323	Anti-K*(1680)+	1.718	0.322	3	0	-1	0	0	0.5	-1	6
9832222	Delta(1750)++	1.716	0.356	2	1	0	0	0	1.5	2	4
9832122	Delta(1750)+	1.716	0.356	2	1	0	0	0	1.5	1	7
9831212	Delta(1750)0	1.716	0.356	2	1	0	0	0	1.5	0	7
9831112	Delta(1750)-	1.716	0.356	2	1	0	0	0	1.5	-1	4
-9831112	Anti-Delta(1750)-	1.716	0.356	2	-1	0	0	0	1.5	1	4
-9831212	Anti-Delta(1750)0	1.716	0.356	2	-1	0	0	0	1.5	0	7
-9832122	Anti-Delta(1750)+	1.716	0.356	2	-1	0	0	0	1.5	-1	7
-9832222	Anti-Delta(1750)++	1.716	0.356	2	-1	0	0	0	1.5	-2	4
9863122	Lambda(1710)	1.713	0.18	2	1	-1	0	0	0.0	0	9
-9863122	Anti-Lambda(1710)	1.713	0.18	2	-1	1	0	0	0.0	0	9
42212	N(1710)+	1.71	0.14	2	1	0	0	0	0.5	1	10
42112	N(1710)0	1.71	0.14	2	1	0	0	0	0.5	0	10
12224	Delta(1700)++	1.71	0.3	4	1	0	0	0	1.5	2	3
12214	Delta(1700)+	1.71	0.3	4	1	0	0	0	1.5	1	5
12114	Delta(1700)0	1.71	0.3	4	1	0	0	0	1.5	0	5
11114	Delta(1700)-	1.71	0.3	4	1	0	0	0	1.5	-1	3
-11114	Anti-Delta(1700)-	1.71	0.3	4	-1	0	0	0	1.5	1	3
-12114	Anti-Delta(1700)0	1.71	0.3	4	-1	0	0	0	1.5	0	5
-12214	Anti-Delta(1700)+	1.71	0.3	4	-1	0	0	0	1.5	-1	5
-12224	Anti-Delta(1700)++	1.71	0.3	4	-1	0	0	0	1.5	-2	3
-42112	Anti-N(1710)0	1.71	0.14	2	-1	0	0	0	0.5	0	10
-42212	Anti-N(1710)+	1.71	0.14	2	-1	0	0	0	0.5	-1	10
10331	f0(1710)	1.704	0.123	1	0	0	0	0	0.0	0	6
9000215	a2(1700)+	1.698	0.265	5	0	0	0	0	1.0	1	3
9000115	a2(1700)0	1.698	0.265	5	0	0	0	0	1.0	0	4
-9000215	Anti-a2(1700)+	1.698	0.265	5	0	0	0	0	1.0	-1	3
203322	Ksi(1690)0	1.69	0.01	2	1	-2	0	0	0.5	0	9
203312	Ksi(1690)-	1.69	0.01	2	1	-2	0	0	0.5	-1	9
13124	Lambda(1690)	1.69	0.07	4	1	-1	0	0	0.0	0	11
-13124	Anti-Lambda(1690)	1.69	0.07	4	-1	1	0	0	0.0	0	11
-203312	Anti-Ksi(1690)-	1.69	0.01	2	-1	2	0	0	0.5	1	9
-203322	Anti-Ksi(1690)0	1.69	0.01	2	-1	2	0	0	0.5	0	9
217	rho3(1690)+	1.6888	0.161	7	0	0	0	0	1.0	1	7
117	rho3(1690)0	1.6888	0.161	7	0	0	0	0	1.0	0	10
-217	Anti-rho3(1690)+	1.6888	0.161	7	0	0	0	0	1.0	-1	7
12216	N(1680)+	1.685	0.12	6	1	0	0	0	0.5	1	8
12116	N(1680)0	1.685	0.12	6	1	0	0	0	0.5	0	8
-12116	Anti-N(1680)0	1.685	0.12	6	-1	0	0	0	0.5	0	8
-12216	Anti-N(1680)+	1.685	0.12	6	-1	0	0	0	0.5	-1	8
100333	phi(1680)	1.68	0.15	3	0	0	0	0	0.0	0	6
13224	Sigma(1670)+	1.675	0.07	4	1	-1	0	0	1.0	1	4
13214	Sigma(1670)0	1.675	0.07	4	1	-1	0	0	1.0	0	5
13114	Sigma(1670)-	1.675	0.07	4	1	-1	0	0	1.0	-1	4
2216	N(1675)+	1.675	0.145	6	1	0	0	0	0.5	1	6
2116	N(1675)0	1.675	0.145	6	1	0	0	0	0.5	0	6
-2116	Anti-N(1675)0	1.675	0.145	6	-1	0	0	0	0.5	0	6
-2216	Anti-N(1675)+	1.675	0.145	6	-1	0	0	0	0.5	-1	6
-13114	Anti-Sigma(1670)-	1.675	0.07	4	-1	1	0	0	1.0	1	4
-13214	Anti-Sigma(1670)0	1.675	0.07	4	-1	1	0	0	1.0	0	5
-13224	Anti-Sigma(1670)+	1.675	0.07	4	-1	1	0	0	1.0	-1	4
33122	Lambda(1670)	1.674	0.03	2	1	-1	0	0	0.0	0	11
-33122	Anti-Lambda(1670)	1.674	0.03	2	-1	1	0	0	0.0	0	11
3334	Omega	1.67245	0	4	1	-3	0	0	0.0	-1	1
-3334	Anti-Omega	1.67245	0	4	-1	3	0	0	0.0	1	1
9000323	K1(1650)+	1.672	0.158	3	0	1	0	0	0.5	1	5
9000313	K1(1650)0	1.672	0.158	3	0	1	0	0	0.5	0	5
-9000313	Anti-K1(1650)0	1.672	0.158	3	0	-1	0	0	0.5	0	5
-9000323	Anti-K1(1650)+	1.672	0.158	3	0	-1	0	0	0.5	-1	5
10215	pi2(1670)+	1.6706	0.258	5	0	0	0	0	1.0	1	5
10115	pi2(1670)0	1.6706	0.258	5	0	0	0	0	1.0	0	7
-10215	Anti-pi2(1670)+	1.6706	0.258	5	0	0	0	0	1.0	-1	5
30223	omega(1650)	1.67	0.315	3	0	0	0	0	0.0	0	6
227	omega3(1670)	1.667	0.168	7	0	0	0	0	0.0	0	7
9010213	pi1(1600)+	1.661	0.24	3	0	0	0	0	1.0	1	4
9010113	pi1(1600)0	1.661	0.24	3	0	0	0	0	1.0	0	5
-9010213	Anti-pi1(1600)+	1.661	0.24	3	0	0	0	0	1.0	-1	4
13222	Sigma(1660)+	1.66	0.2	2	1	-1	0	0	1.0	1	4
13212	Sigma(1660)0	1.66	0.2	2	1	-1	0	0	1.0	0	6
13112	Sigma(1660)-	1.66	0.2	2	1	-1	0	0	1.0	-1	4
-13112	Anti-Sigma(1660)-	1.66	0.2	2	-1	1	0	0	1.0	1	4
-13212	Anti-Sigma(1660)0	1.66	0.2	2	-1	1	0	0	1.0	0	6
-13222	Anti-Sigma(1660)+	1.66	0.2	2	-1	1	0	0	1.0	-1	4
9020213	a1(1640)+	1.655	0.254	3	0	0	0	0	1.0	1	3
9020113	a1(1640)0	1.655	0.254	3	0	0	0	0	1.0	0	4
-9020213	Anti-a1(1640)+	1.655	0.254	3	0	0	0	0	1.0	-1	3
32212	N(1650)+	1.65	0.125	2	1	0	0	0	0.5	1	12
32112	N(1650)0	1.65	0.125	2	1	0	0	0	0.5	0	12
-32112	Anti-N(1650)0	1.65	0.125	2	-1	0	0	0	0.5	0	12
-32212	Anti-N(1650)+	1.65	0.125	2	-1	0	0	0	0.5	-1	12
9020225	f2(1640)	1.639	0.099	5	0	0	0	0	0.0	0	7
7010323	K(1630)+	1.629	0.016	3	0	1	0	0	0.5	1	1
7010313	K(1630)0	1.629	0.016	3	0	1	0	0	0.5	0	1
-7010313	Anti-K(1630)0	1.629	0.016	3	0	-1	0	0	0.5	0	1
-7010323	Anti-K(1630)+	1.629	0.016	3	0	-1	0	0	0.5	-1	1
9833222	Sigma(1620)+	1.62	0.07	2	1	-1	0	0	1.0	1	5
9833212	Sigma(1620)0	1.62	0.07	2	1	-1	0	0	1.0	0	7
9833112	Sigma(1620)-	1.62	0.07	2	1	-1	0	0	1.0	-1	5
9823324	Ksi(1620)0	1.62	0.03	4	1	-2	0	0	0.5	0	3
9823314	Ksi(1620)-	1.62	0.03	4	1	-2	0	0	0.5	-1	3
-9823314	Anti-Ksi(1620)-	1.62	0.03	4	-1	2	0	0	0.5	1	3
-9823324	Anti-Ksi(1620)0	1.62	0.03	4	-1	2	0	0	0.5	0	3
-9833112	Anti-Sigma(1620)-	1.62	0.07	2	-1	1	0	0	1.0	1	5
-9833212	Anti-Sigma(1620)0	1.62	0.07	2	-1	1	0	0	1.0	0	7
-9833222	Anti-Sigma(1620)+	1.62	0.07	2	-1	1	0	0	1.0	-1	5
10225	eta2(1645)	1.617	0.181	5	0	0	0	0	0.0	0	4
2222	Delta(1620)++	1.61	0.13	2	1	0	0	0	1.5	2	3
2122	Delta(1620)+	1.61	0.13	2	1	0	0	0	1.5	1	5
1212	Delta(1620)0	1.61	0.13	2	1	0	0	0	1.5	0	5
1112	Delta(1620)-	1.61	0.13	2	1	0	0	0	1.5	-1	3
-1112	Anti-Delta(1620)-	1.61	0.13	2	-1	0	0	0	1.5	1	3
-1212	Anti-Delta(1620)0	1.61	0.13	2	-1	0	0	0	1.5	0	5
-2122	Anti-Delta(1620)+	1.61	0.13	2	-1	0	0	0	1.5	-1	5
-2222	Anti-Delta(1620)++	1.61	0.13	2	-1	0	0	0	1.5	-2	3
23122	Lambda(1600)	1.6	0.2	2	1	-1	0	0	0.0	0	6
-23122	Anti-Lambda(1600)	1.6	0.2	2	-1	1	0	0	0.0	0	6
9010223	h1(1595)	1.594	0.384	3	0	0	0	0	0.0	0	2
9833224	Sigma(1580)+	1.58	0.013	4	1	-1	0	0	1.0	1	5
9833214	Sigma(1580)0	1.58	0.013	4	1	-1	0	0	1.0	0	7
9833114	Sigma(1580)-	1.58	0.013	4	1	-1	0	0	1.0	-1	5
9000325	K2(1580)+	1.58	0.11	5	0	1	0	0	0.5	1	3
9000315	K2(1580)0	1.58	0.11	5	0	1	0	0	0.5	0	3
-9000315	Anti-K2(1580)0	1.58	0.11	5	0	-1	0	0	0.5	0	3
-9000325	Anti-K2(1580)+	1.58	0.11	5	0	-1	0	0	0.5	-1	3
-9833114	Anti-Sigma(1580)-	1.58	0.013	4	-1	1	0	0	1.0	1	5
-9833214	Anti-Sigma(1580)0	1.58	0.013	4	-1	1	0	0	1.0	0	7
-9833224	Anti-Sigma(1580)+	1.58	0.013	4	-1	1	0	0	1.0	-1	5
7030213	rho(1570)+	1.57	0.144	3	0	0	0	0	1.0	1	1
7030113	rho(1570)0	1.57	0.144	3	0	0	0	0	1.0	0	1
32224	Delta(1600)++	1.57	0.25	4	1	0	0	0	1.5	2	4
32214	Delta(1600)+	1.57	0.25	4	1	0	0	0	1.5	1	7
32114	Delta(1600)0	1.57	0.25	4	1	0	0	0	1.5	0	7
31114	Delta(1600)-	1.57	0.25	4	1	0	0	0	1.5	-1	4
-31114	Anti-Delta(1600)-	1.57	0.25	4	-1	0	0	0	1.5	1	4
-32114	Anti-Delta(1600)0	1.57	0.25	4	-1	0	0	0	1.5	0	7
-32214	Anti-Delta(1600)+	1.57	0.25	4	-1	0	0	0	1.5	-1	7
-32224	Anti-Delta(1600)++	1.57	0.25	4	-1	0	0	0	1.5	-2	4
-7030213	Anti-rho(1570)+	1.57	0.144	3	0	0	0	0	1.0	-1	1
9030221	f0(1500)	1.56	0.112	1	0	0	0	0	0.0	0	14
9010225	f2(1565)	1.549	0.122	5	0	0	0	0	0.0	0	4
3314	Ksi(1530)-	1.535	0.0099	4	1	-2	0	0	0.5	-1	2
-3314	Anti-Ksi(1530)-	1.535	0.0099	4	-1	2	0	0	0.5	1	2
3324	Ksi(1530)0	1.5318	0.0091	4	1	-2	0	0	0.5	0	2
-3324	Anti-Ksi(1530)0	1.5318	0.0091	4	-1	2	0	0	0.5	0	2
22212	N(1535)+	1.53	0.15	2	1	0	0	0	0.5	1	9
22112	N(1535)0	1.53	0.15	2	1	0	0	0	0.5	0	9
-22112	Anti-N(1535)0	1.53	0.15	2	-1	0	0	0	0.5	0	9
-22212	Anti-N(1535)+	1.53	0.15	2	-1	0	0	0	0.5	-1	9
3124	Lambda(1520)	1.523	0.01573	4	1	-1	0	0	0.0	0	11
-3124	Anti-Lambda(1520)	1.523	0.01573	4	-1	1	0	0	0.0	0	11
9000223	f1(1510)	1.518	0.073	3	0	0	0	0	0.0	0	6
335	f2'(1525)	1.5174	0.086	5	0	0	0	0	0.0	0	3
2124	N(1520)+	1.515	0.11	4	1	0	0	0	0.5	1	8
1214	N(1520)0	1.515	0.11	4	1	0	0	0	0.5	0	8
-1214	Anti-N(1520)0	1.515	0.11	4	-1	0	0	0	0.5	0	8
-2124	Anti-N(1520)+	1.515	0.11	4	-1	0	0	0	0.5	-1	8
100331	eta(1475)	1.475	0.09	1	0	0	0	0	0.0	0	9
10211	a0(1450)+	1.474	0.265	1	0	0	0	0	1.0	1	4
10111	a0(1450)0	1.474	0.265	1	0	0	0	0	1.0	0	5
-10211	Anti-a0(1450)+	1.474	0.265	1	0	0	0	0	1.0	-1	4
100213	rho(1450)+	1.465	0.4	3	0	0	0	0	1.0	1	5
100113	rho(1450)0	1.465	0.4	3	0	0	0	0	1.0	0	6
-100213	Anti-rho(1450)+	1.465	0.4	3	0	0	0	0	1.0	-1	5
100321	K(1460)+	1.447	0.282	1	0	1	0	0	0.5	1	5
100311	K(1460)0	1.447	0.282	1	0	1	0	0	0.5	0	5
-100311	Anti-K(1460)0	1.447	0.282	1	0	-1	0	0	0.5	0	5
-100321	Anti-K(1460)+	1.447	0.282	1	0	-1	0	0	0.5	-1	5
12212	N(1440)+	1.44	0.35	2	1	0	0	0	0.5	1	8
12112	N(1440)0	1.44	0.35	2	1	0	0	0	0.5	0	8
-12112	Anti-N(1440)0	1.44	0.35	2	-1	0	0	0	0.5	0	8
-12212	Anti-N(1440)+	1.44	0.35	2	-1	0	0	0	0.5	-1	8
315	K2*(1430)0	1.4324	0.109	5	0	1	0	0	0.5	0	10
-315	Anti-K2*(1430)0	1.4324	0.109	5	0	-1	0	0	0.5	0	10
9000225	f2(1430)	1.43	0.013	5	0	0	0	0	0.0	0	5
325	K2*(1430)+	1.4273	0.1	5	0	1	0	0	0.5	1	10
-325	Anti-K2*(1430)+	1.4273	0.1	5	0	-1	0	0	0.5	-1	10
20333	f1(1420)	1.4263	0.0545	3	0	0	0	0	0.0	0	5
10321	K0*(1430)+	1.425	0.27	1	0	1	0	0	0.5	1	3
10311	K0*(1430)0	1.425	0.27	1	0	1	0	0	0.5	0	3
-10311	Anti-K0*(1430)0	1.425	0.27	1	0	-1	0	0	0.5	0	3
-10321	Anti-K0*(1430)+	1.425	0.27	1	0	-1	0	0	0.5	-1	3
10333	h1(1415)	1.416	0.09	3	0	0	0	0	0.0	0	3
100323	K*(1410)+	1.414	0.232	3	0	1	0	0	0.5	1	7
100313	K*(1410)0	1.414	0.232	3	0	1	0	0	0.5	0	7
-100313	Anti-K*(1410)0	1.414	0.232	3	0	-1	0	0	0.5	0	7
-100323	Anti-K*(1410)+	1.414	0.232	3	0	-1	0	0	0.5	-1	7
100223	omega(1420)	1.41	0.29	3	0	0	0	0	0.0	0	5
9020221	eta(1405)	1.4088	0.0501	1	0	0	0	0	0.0	0	9
20323	K1(1400)+	1.4051	0.174	3	0	1	0	0	0.5	1	5
13122	Lambda(1405)	1.4051	0.0505	2	1	-1	0	0	0.0	0	3
-13122	Anti-Lambda(1405)	1.4051	0.0505	2	-1	1	0	0	0.0	0	3
20313	K1(1400)0	1.403	0.174	3	0	1	0	0	0.5	0	5
-20313	Anti-K1(1400)0	1.403	0.174	3	0	-1	0	0	0.5	0	5
-20323	Anti-K1(1400)+	1.403	0.174	3	0	-1	0	0	0.5	-1	5
3114	Sigma(1385)-	1.3872	0.0394	4	1	-1	0	0	1.0	-1	3
-3114	Anti-Sigma(1385)-	1.3872	0.0394	4	-1	1	0	0	1.0	1	3
3214	Sigma(1385)0	1.3837	0.036	4	1	-1	0	0	1.0	0	4
-3214	Anti-Sigma(1385)0	1.3837	0.036	4	-1	1	0	0	1.0	0	4
3224	Sigma(1385)+	1.3828	0.036	4	1	-1	0	0	1.0	1	3
-3224	Anti-Sigma(1385)+	1.3828	0.036	4	-1	1	0	0	1.0	-1	3
20223	f1(1285)	1.37	0.0227	3	0	0	0	0	0.0	0	12
215	a2(1320)+	1.37	0.105	5	0	0	0	0	1.0	1	5
115	a2(1320)0	1.37	0.105	5	0	0	0	0	1.0	0	7
-215	Anti-a2(1320)+	1.37	0.105	5	0	0	0	0	1.0	-1	5
9000213	pi1(1400)+	1.354	0.33	3	0	0	0	0	1.0	1	1
9000113	pi1(1400)0	1.351	0.31	3	0	0	0	0	1.0	0	1
-9000213	Anti-pi1(1400)+	1.351	0.31	3	0	0	0	0	1.0	-1	1
10221	f0(1370)	1.35	0.35	1	0	0	0	0	0.0	0	7
3312	Ksi-	1.32171	0	2	1	-2	0	0	0.5	-1	1
-3312	Anti-Ksi-	1.32171	0	2	-1	2	0	0	0.5	1	1
3322	Ksi0	1.31486	0	2	1	-2	0	0	0.5	0	1
-3322	Anti-Ksi0	1.31486	0	2	-1	2	0	0	0.5	0	1
100211	pi(1300)+	1.3	0.4	1	0	0	0	0	1.0	1	4
100111	pi(1300)0	1.3	0.4	1	0	0	0	0	1.0	0	5
-100211	Anti-pi(1300)+	1.3	0.4	1	0	0	0	0	1.0	-1	4
100221	eta(1295)	1.294	0.055	1	0	0	0	0	0.0	0	5
225	f2(1270)	1.2755	0.1867	5	0	0	0	0	0.0	0	6
10323	K1(1270)+	1.253	0.09	3	0	1	0	0	0.5	1	4
10313	K1(1270)0	1.253	0.09	3	0	1	0	0	0.5	0	4
-10313	Anti-K1(1270)0	1.253	0.09	3	0	-1	0	0	0.5	0	4
-10323	Anti-K1(1270)+	1.253	0.09	3	0	-1	0	0	0.5	-1	4
2224	Delta(1232)++	1.232	0.117	4	1	0	0	0	1.5	2	1
2214	Delta(1232)+	1.232	0.117	4	1	0	0	0	1.5	1	2
2114	Delta(1232)0	1.232	0.117	4	1	0	0	0	1.5	0	2
1114	Delta(1232)-	1.232	0.117	4	1	0	0	0	1.5	-1	1
-1114	Anti-Delta(1232)-	1.232	0.117	4	-1	0	0	0	1.5	1	1
-2114	Anti-Delta(1232)0	1.232	0.117	4	-1	0	0	0	1.5	0	2
-2214	Anti-Delta(1232)+	1.232	0.117	4	-1	0	0	0	1.5	-1	2
-2224	Anti-Delta(1232)++	1.232	0.117	4	-1	0	0	0	1.5	-2	1
20213	a1(1260)+	1.23	0.425	3	0	0	0	0	1.0	1	4
20113	a1(1260)0	1.23	0.425	3	0	0	0	0	1.0	0	5
-20213	Anti-a1(1260)+	1.23	0.425	3	0	0	0	0	1.0	-1	4
10213	b1(1235)+	1.2295	0.142	3	0	0	0	0	1.0	1	2
10113	b1(1235)0	1.2295	0.142	3	0	0	0	0	1.0	0	2
-10213	Anti-b1(1235)+	1.2295	0.142	3	0	0	0	0	1.0	-1	2
3112	Sigma-	1.197449	0	2	1	-1	0	0	1.0	-1	1
-3112	Anti-Sigma-	1.197449	0	2	-1	1	0	0	1.0	1	1
3212	Sigma0	1.192642	0	2	1	-1	0	0	1.0	0	1
-3212	Anti-Sigma0	1.192642	0	2	-1	1	0	0	1.0	0	1
3222	Sigma+	1.18937	0	2	1	-1	0	0	1.0	1	1
-3222	Anti-Sigma+	1.18937	0	2	-1	1	0	0	1.0	-1	1
10223	h1(1170)	1.166	0.375	3	0	0	0	0	0.0	0	3
3122	Lambda	1.115683	0	2	1	-1	0	0	0.0	0	1
-3122	Anti-Lambda	1.115683	0	2	-1	1	0	0	0.0	0	1
333	phi(1020)	1.019461	0.004249	3	0	0	0	0	0.0	0	8
9010221	f0(980)	0.99	0.055	1	0	0	0	0	0.0	0	4
9000211	a0(980)+	0.98	0.075	1	0	0	0	0	1.0	1	3
9000111	a0(980)0	0.98	0.075	1	0	0	0	0	1.0	0	4
-9000211	Anti-a0(980)+	0.98	0.075	1	0	0	0	0	1.0	-1	3
331	eta'(958)	0.95778	0.000188	1	0	0	0	0	0.0	0	4
-2112	Anti-n	0.9396	0	2	-1	0	0	0	0.5	0	1
2112	n	0.9395654133	0	2	1	0	0	0	0.5	0	1
2212	p	0.9382720813	0	2	1	0	0	0	0.5	1	1
-2212	Anti-p	0.9382720813	0	2	-1	0	0	0	0.5	-1	1
313	K*(892)0	0.89555	0.0473	3	0	1	0	0	0.5	0	2
-313	Anti-K*(892)0	0.89555	0.0473	3	0	-1	0	0	0.5	0	2
323	K*(892)+	0.89167	0.0514	3	0	1	0	0	0.5	1	2
-323	Anti-K*(892)+	0.89167	0.0514	3	0	-1	0	0	0.5	-1	2
223	omega(782)	0.78266	0.00868	3	0	0	0	0	0.0	0	3
213	rho+	0.775185	0.14825	3	0	0	0	0	1.0	1	1
113	rho0	0.775185	0.14825	3	0	0	0	0	1.0	0	1
-213	Anti-rho+	0.775185	0.14825	3	0	0	0	0	1.0	-1	1
221	eta	0.547862	1.31e-06	1	0	0	0	0	0.0	0	3
311	K0	0.497611	0	1	0	1	0	0	0.5	0	1
-311	Anti-K0	0.497611	0	1	0	-1	0	0	0.5	0	1
321	K+	0.493677	0	1	0	1	0	0	0.5	1	1
-321	Anti-K+	0.493677	0	1	0	-1	0	0	0.5	-1	1
211	pi+	0.13957039	0	1	0	0	0	0	1.0	1	1
-211	Anti-pi+	0.13957039	0	1	0	0	0	0	1.0	-1	1
111	pi0	0.1349768	0	1	0	0	0	0	1.0	0	1
22	Gamma	0.0	0	2	0	0	0	0	0.0	0	1
