# the list of decays
# each entry consists of the following:
# a line with the pdgid of decaying particle
# a line with the number of decay channels
# for each channel a line containing whitespace-separated values of the channel branching ratio and pdg ids of the daughter products
# everything after the # symbol is treated as a comment and ignored
# decays of antiparticles are not listed but generated from the listed decays of particles

9090225
3
0.8	2000073	22
0.1	221	221
0.1	333	333

9060225
4
0.8	2000073	22
0.1	333	333
0.05	311	-311
0.05	321	-321

9050221
8
0.03	-213	111	211
0.03	213	111	-211
0.7	100333	22
0.06	-213	213
0.06	111	111
0.06	221	221
0.03	113	113
0.03	223	223

9040225
4
0.8	337	22
0.16	331	221
0.02	111	111
0.02	311	-311

9040221
4
0.7	100333	22
0.1	211	211 -211 -211
0.1	211	-211 111 111
0.1	113	113

9030225
3
0.1	111	111	111	111
0.8	100333	22
0.1	221	221

9020225
7
0.04	211	-211	211	-211
0.02	211	-211	111	111
0.01	111	111	111	111
0.7	2000060	22
0.11	223	223
0.06	311	-311
0.06	321	-321

9020221
12
0.24	211	-211
0.15	100223	22
0.12	111	111
0.08	213	-211
0.08	113	111
0.08	-213	211
0.05	100211	-211
0.05	100111	111
0.05	211	-100211
0.034	20113	111
0.033	-20213	211
0.033	20213	-211

9020213
3
0.05	223	211	111
0.9	10211	22
0.05	225	211

9020113
4
0.033	223	-211	211
0.017	223	111	111
0.9	10111	22
0.05	225	111

9010221
3
0.620320856	211	-211
0.310160428	111	111
0.069518717	321	-321

9010213
4
0.8	10211	22
0.1	20223	211
0.05	10113	211
0.05	10213	111

9010113
5
0.8	10111	22
0.1	20223	111
0.034	10113	111
0.033	-10213	211
0.033	10213	-211

9000325
3
0.927835052	325	22
0.036082474	313	211
0.036082474	323	111

9000323
5
0.00834	321	111	111
0.00833	321	211	-211
0.00833	311	211	111
0.95	9000325	22
0.025	321	333

9000315
3
0.927835052	315	22
0.036082474	323	-211
0.036082474	313	111

9000313
5
0.00834	311	111	111
0.00833	311	211	-211
0.00833	321	-211	111
0.95	9000315	22
0.025	311	333

9000225
5
0.8	20333	22
0.067	211	-211
0.05	311	-311
0.05	321	-321
0.033	111	111

9000217
1
1	2001060	22

9000215
3
0.7	217	22
0.2	221	211
0.1	321	-311

9000213
1
1	215	22

9000211
1
1	221	211

9000117
1
1	2001061	22

9000115
4
0.7	117	22
0.2	221	111
0.05	321	-321
0.05	311	-311

9000113
1
1	115	22

9000111
1
1	221	111

4000024
1
1	2000007	22

4000023
1
1	2000008	22

4000022
10
0.1	2112	211	111
0.1	2212	-211	211
0.1	2212	111	111
0.25	2000007	22
0.15	22112	211
0.15	22212	111
0.065	2112	211
0.065	2212	111
0.01	3122	321
0.01	2212	221

4000021
10
0.1	2112	111	111
0.1	2212	-211	111
0.1	2112	211	-211
0.25	2000008	22
0.15	22112	111
0.15	22212	-211
0.065	2112	111
0.065	2212	-211
0.01	3122	311
0.01	2112	221

4000020
1
1	2000011	22

4000019
1
1	2000012	22

4000018
2
0.2	3334	211	-211
0.8	4000016	22

4000017
3
0.94	4000014	22
0.04	211	-211
0.02	111	111

4000016
9
0.017	3312	211	-321
0.017	3312	111	-311
0.017	3322	111	-321
0.017	3322	-211	-311
0.8	13334	22
0.033	3312	-313
0.033	3322	-323
0.033	3314	-311
0.033	3324	-321

4000015
1
1	219	22

4000014
1
1	119	22

4000013
1
1	2000019	22

4000012
1
1	2000020	22

4000011
5
0.85	2001068	22
0.1	2112	-321
0.025	3122	-211
0.0125	3112	111
0.0125	3212	-211

4000010
7
0.85	2001067	22
0.05	2112	-311
0.05	2212	-321
0.025	3122	111
0.0084	3212	111
0.0083	3112	211
0.0083	3222	-211

4000009
5
0.85	2001066	22
0.1	2212	-311
0.025	3122	211
0.0125	3212	211
0.0125	3222	111

4000008
5
0.8	337	22
0.066	211	-211
0.05	321	-321
0.05	311	-311
0.034	111	111

4000007
2
0.8	2001062	22
0.2	321	-311

4000006
3
0.8	2001063	22
0.1	321	-321
0.1	311	-311

4000005
2
0.1	211	211	-211	-211
0.9	100333	22

4000004
2
0.157894737	331	211	-211
0.842105263	100333	22

4000003
1
1	311	211	-211

4000002
1
1	321	211	-211

4000001
2
0.8	215	22
0.2	9010221	211

4000000
2
0.8	115	22
0.2	9010221	111

2001076
12
0.0186	221	-211	211
0.0094	221	111	111
0.8	337	22
0.04	213	-213
0.028	223	223
0.02	113	113
0.0186	-211	211
0.014	-321	321
0.014	-311	311
0.014	2112	-2112
0.014	2212	-2212
0.0094	111	111

2001075
11
0.8	337	22
0.05	221	221
0.03	-321	321
0.03	-311	311
0.02	225	221
0.02	2212	-2212
0.015	211	-211
0.01	-215	211
0.01	115	111
0.01	215	-211
0.005	111	111

2001074
4
0.8	337	22
0.1	2212	-2212
0.05	313	-313
0.05	323	-323

2001073
6
0.1	211	-211	331
0.8	9020221	22
0.025	311	-313
0.025	313	-311
0.025	321	-323
0.025	323	-321

2001071
9
0.233	221	211	-211
0.117	221	111	111
0.2	225	221
0.117	-215	211
0.117	115	111
0.117	215	-211
0.033	-9000211	211
0.033	9000111	111
0.033	9000211	-211

2001070
9
0.067	311	-311	111
0.067	321	-321	111
0.033	311	-321	211
0.033	321	-311	-211
0.7	100223	22
0.025	-321	323
0.025	-311	313
0.025	311	-313
0.025	321	-323

2001069
5
0.78	10333	22
0.068	9000111	111
0.066	9000211	-211
0.066	-9000211	211
0.02	113	22

2001068
5
0.9	2000053	22
0.034	2112	-321
0.033	3122	-211
0.0165	3112	111
0.0165	3212	-211

2001067
7
0.9	2000052	22
0.034	3122	111
0.0165	2112	-311
0.0165	2212	-321
0.011	3112	211
0.011	3212	111
0.011	3222	-211

2001066
5
0.9	2000051	22
0.034	2212	-311
0.033	3122	211
0.0165	3222	111
0.0165	3212	211

2001065
8
0.028	223	111	221
0.028	331	-211	211
0.028	20223	-211	211
0.8	2000062	22
0.03	211	-211
0.03	321	-321
0.028	223	111
0.028	2212	-2212

2001064
8
0.028	223	211	221
0.028	331	111	211
0.028	20223	111	211
0.8	2000061	22
0.03	211	111
0.03	321	-311
0.028	223	211
0.028	2212	-2112

2001063
2
0.9	2001061	22
0.1	333	111

2001062
2
0.9	2001060	22
0.1	333	211

2001061
4
0.1	223	111	111
0.7	200111	22
0.1	9000111	221
0.1	115	221

2001060
4
0.1	223	211	111
0.7	200211	22
0.1	9000211	221
0.1	215	221

2001059
3
0.96	2116	22
0.02	2112	111
0.02	2212	-211

2001058
3
0.96	2216	22
0.02	2112	211
0.02	2212	111

2001057
3
0.7	23124	22
0.15	2112	-313
0.15	2212	-323

2001056
11
0.014	3322	111	111
0.013	3322	-211	211
0.013	3312	211	111
0.8	2001054	22
0.04	3122	-311
0.02	3222	-321
0.02	3312	211
0.02	3212	-311
0.02	3314	211
0.02	3322	111
0.02	3324	111

2001055
11
0.014	3312	111	111
0.013	3312	-211	211
0.013	3322	-211	111
0.8	2001053	22
0.04	3122	-321
0.02	3112	-311
0.02	3322	-211
0.02	3212	-321
0.02	3324	-211
0.02	3312	111
0.02	3314	111

2001054
8
0.05	3122	-321	211
0.05	3122	-311	111
0.02	3212	-321	211
0.02	3222	-321	111
0.02	3112	-311	211
0.02	3212	-311	111
0.02	3222	-311	-211
0.8	2001050	22

2001053
8
0.05	3122	-311	-211
0.05	3122	-321	111
0.02	3112	-311	111
0.02	3212	-311	-211
0.02	3112	-321	211
0.02	3212	-321	111
0.02	3222	-321	-211
0.8	2001049	22

2001052
11
0.033	3122	-321	211
0.033	3122	-311	111
0.023	3322	111	111
0.022	3322	-211	211
0.022	3312	211	111
0.014	3222	-321	111
0.014	3212	-311	111
0.013	3212	-321	211
0.013	3112	-311	211
0.013	3222	-311	-211
0.8	2001050	22

2001051
11
0.033	3122	-311	-211
0.033	3122	-321	111
0.023	3312	111	111
0.022	3312	-211	211
0.022	3322	-211	111
0.014	3112	-311	111
0.014	3212	-321	111
0.013	3212	-311	-211
0.013	3112	-321	211
0.013	3222	-321	-211
0.8	2001049	22

2001050
2
0.8	43324	22
0.2	3122	-311

2001049
2
0.8	43314	22
0.2	3122	-321

2001048
3
0.8	3324	22
0.1	3312	211
0.1	3322	111

2001047
3
0.8	3314	22
0.1	3322	-211
0.1	3312	111

2001046
3
0.939	319	22
0.0305	321	-211
0.0305	311	111

2001045
3
0.939	329	22
0.0305	311	211
0.0305	321	111

2001044
2
0.9	319	22
0.1	2112	-3122

2001043
2
0.9	329	22
0.1	2212	-3122

2001042
2
0.99	2001040	22
0.01	2112	-3122

2001041
2
0.99	2001039	22
0.01	2212	-3122

2001040
7
0.0034	311	111	111
0.0033	311	211	-211
0.0033	321	-211	111
0.96	9000313	22
0.01	311	225
0.01	313	9010221
0.01	2112	-3122

2001039
7
0.0034	321	111	111
0.0033	321	211	-211
0.0033	311	211	111
0.96	9000323	22
0.01	321	225
0.01	323	9010221
0.01	2212	-3122

2001038
2
0.98	9000313	22
0.02	311	333

2001037
2
0.98	9000323	22
0.02	321	333

2001036
5
0.930713547	10311	22
0.017580145	321	-213
0.017580145	311	113
0.017063082	323	-211
0.017063082	313	111

2001035
5
0.930713547	10321	22
0.017580145	311	213
0.017580145	321	113
0.017063082	313	211
0.017063082	323	111

2001034
2
0.96	2001030	22
0.04	2112	-211

2001033
3
0.96	2001029	22
0.02	2112	111
0.02	2212	-211

2001032
3
0.96	2001028	22
0.02	2212	111
0.02	2112	211

2001031
2
0.96	2001027	22
0.04	2212	211

2001030
2
0.96	910	22
0.04	2112	-211

2001029
3
0.96	2000099	22
0.02	2112	111
0.02	2212	-211

2001028
3
0.96	2000098	22
0.02	2212	111
0.02	2112	211

2001027
2
0.96	2000097	22
0.04	2212	211

2001026
2
0.94	2232	22
0.06	2112	-211

2001025
3
0.94	2229	22
0.03	2112	111
0.03	2212	-211

2001024
3
0.94	2231	22
0.03	2212	111
0.03	2112	211

2001023
2
0.94	2230	22
0.06	2212	211

2001014
2
0.955	2240	22
0.045	2112	-211

2001013
3
0.955	2237	22
0.0225	2112	111
0.0225	2212	-211

2001012
3
0.955	2239	22
0.0225	2212	111
0.0225	2112	211

2001011
2
0.955	2238	22
0.045	2212	211

2001002
3
0.8	4000014	22
0.1	-321	321
0.1	-311	311

2001001
2
0.8	4000015	22
0.2	-311	321

2000125
3
0.96	2000096	22
0.02	2212	-211
0.02	2112	111

2000124
3
0.96	2000095	22
0.02	2112	211
0.02	2212	111

2000099
3
0.9	2001025	22
0.05	2112	111
0.05	2212	-211

2000098
3
0.9	2001024	22
0.05	2212	111
0.05	2112	211

2000097
2
0.9	2001023	22
0.1	2212	211

2000096
3
0.925	2000092	22
0.0375	2212	-211
0.0375	2112	111

2000095
3
0.925	2000091	22
0.0375	2112	211
0.0375	2212	111

2000094
3
0.9	2000092	22
0.05	2212	-211
0.05	2112	111

2000093
3
0.9	2000091	22
0.05	2112	211
0.05	2212	111

2000092
3
0.8	1218	22
0.1	2212	-211
0.1	2112	111

2000091
3
0.8	2128	22
0.1	2112	211
0.1	2212	111

2000073
7
0.0334	321	-321	211	-211
0.0166	321	-321	111	111
0.0334	333	-211	211
0.0166	333	111	111
0.8	2000065	22
0.05	333	221
0.05	333	9010221

2000072
1
1	2000073	22

2000071
1
1	2000073	22

2000070
1
1	2000062	22

2000069
1
1	2000061	22

2000068
1
1	2000073	22

2000067
6
0.99	20315	22
0.0034	311	225
0.00165	321	-213
0.00165	323	-211
0.00165	311	113
0.00165	313	111

2000066
6
0.99	20325	22
0.0034	321	225
0.00165	311	213
0.00165	313	211
0.00165	321	113
0.00165	323	111

2000065
1
1	100333	22

2000064
3
0.48	30313	22
0.26	321	-211
0.26	311	111

2000063
3
0.48	30323	22
0.26	311	211
0.26	321	111

2000062
7
0.12	111	211	-211
0.06	111	111	111
0.7	9000117	22
0.075	225	111
0.015	-213	211
0.015	113	111
0.015	213	-211

2000061
6
0.12	211	211	-211
0.06	211	111	111
0.7	9000217	22
0.075	225	211
0.0225	113	211
0.0225	213	111

2000060
2
0.9	2000057	22
0.1	223	221

2000059
1
1	10111	22

2000058
1
1	10211	22

2000057
4
0.8	2001073	22
0.1	221	221
0.05	311	-311
0.05	321	-321

2000056
4
0.95	2000050	22
0.025	2112	-321
0.0125	3112	111
0.0125	3212	-211

2000055
6
0.95	2000049	22
0.0125	2112	-311
0.0125	2212	-321
0.0084	3212	111
0.0083	3112	211
0.0083	3222	-211

2000054
4
0.95	2000048	22
0.025	2212	-311
0.0125	3212	211
0.0125	3222	111

2000053
4
0.9	23114	22
0.05	2112	-321
0.025	3112	111
0.025	3212	-211

2000052
6
0.9	23214	22
0.025	2112	-311
0.025	2212	-321
0.0167	3112	211
0.0167	3222	-211
0.0166	3212	111

2000051
4
0.9	23224	22
0.05	2212	-311
0.025	3212	211
0.025	3222	111

2000050
5
0.9	2000047	22
0.025	2112	-321
0.025	3122	-211
0.025	2112	-323
0.025	3124	-211

2000049
7
0.9	2000046	22
0.025	3122	111
0.025	3124	111
0.0125	2112	-311
0.0125	2212	-321
0.0125	2112	-313
0.0125	2212	-323

2000048
5
0.9	2000045	22
0.025	2212	-311
0.025	3122	211
0.025	2212	-313
0.025	3124	211

2000047
7
0.56	2000044	22
0.13	2112	-321
0.11	3114	111
0.11	3214	-211
0.05	3124	-211
0.02	3112	111
0.02	3212	-211

2000046
10
0.56	2000043	22
0.074	3214	111
0.073	3114	211
0.073	3224	-211
0.065	2112	-311
0.065	2212	-321
0.05	3124	111
0.014	3212	111
0.013	3112	211
0.013	3222	-211

2000045
7
0.56	2000042	22
0.13	2212	-311
0.11	3214	211
0.11	3224	111
0.05	3122	211
0.02	3212	211
0.02	3222	111

2000044
4
0.67	2112	-321
0.23	2000041	22
0.05	3112	111
0.05	3212	-211

2000043
6
0.335	2112	-311
0.335	2212	-321
0.23	2000040	22
0.034	3212	111
0.033	3112	211
0.033	3222	-211

2000042
4
0.67	2212	-311
0.23	2000039	22
0.05	3212	211
0.05	3222	111

2000041
5
0.8	23112	22
0.066	2112	-321
0.066	3122	-211
0.034	3112	111
0.034	3212	-211

2000040
7
0.8	23212	22
0.066	3122	111
0.034	2112	-311
0.034	2212	-321
0.022	3112	211
0.022	3212	111
0.022	3222	-211

2000039
5
0.8	23222	22
0.066	2212	-311
0.066	3122	211
0.034	3212	211
0.034	3222	111

2000038
5
0.8	3116	22
0.066	2112	-321
0.066	3122	-211
0.034	3112	111
0.034	3212	-211

2000037
7
0.8	3216	22
0.066	3122	111
0.034	2112	-311
0.034	2212	-321
0.022	3112	211
0.022	3212	111
0.022	3222	-211

2000036
5
0.8	3226	22
0.066	2212	-311
0.066	3122	211
0.034	3212	211
0.034	3222	111

2000035
5
0.8	23112	22
0.066	2112	-321
0.066	3122	-211
0.034	3112	111
0.034	3212	-211

2000034
7
0.8	23212	22
0.066	3122	111
0.034	2112	-311
0.034	2212	-321
0.022	3112	211
0.022	3212	111
0.022	3222	-211

2000033
5
0.8	23222	22
0.066	2212	-311
0.066	3122	211
0.034	3212	211
0.034	3222	111

2000032
5
0.7	3122	-211
0.16	13114	22
0.06	3112	111
0.06	3212	-211
0.02	2112	-321

2000031
7
0.7	3122	111
0.16	13214	22
0.04	3112	211
0.04	3212	111
0.04	3222	-211
0.01	2112	-311
0.01	2212	-321

2000030
5
0.7	3122	211
0.16	13224	22
0.06	3212	211
0.06	3222	111
0.02	2212	-311

2000029
5
0.8	3114	22
0.066	2112	-321
0.066	3122	-211
0.034	3112	111
0.034	3212	-211

2000028
7
0.8	3214	22
0.066	3122	111
0.034	2112	-311
0.034	2212	-321
0.022	3112	211
0.022	3212	111
0.022	3222	-211

2000027
5
0.8	3224	22
0.066	2212	-311
0.066	3122	211
0.034	3212	211
0.034	3222	111

2000026
5
0.8	3114	22
0.066	2112	-321
0.066	3122	-211
0.034	3112	111
0.034	3212	-211

2000025
7
0.8	3214	22
0.066	3122	111
0.034	2112	-311
0.034	2212	-321
0.022	3112	211
0.022	3212	111
0.022	3222	-211

2000024
5
0.8	3224	22
0.066	2212	-311
0.066	3122	211
0.034	3212	211
0.034	3222	111

2000020
8
0.242	2112	211	-211
0.242	2212	-211	111
0.241	2112	111	111
0.075	22212	-211
0.075	22112	111
0.05	2212	-211
0.05	2112	111
0.025	4000021	22

2000019
8
0.242	2212	-211	211
0.242	2212	111	111
0.241	2112	111	211
0.075	22112	211
0.075	22212	111
0.05	2112	211
0.05	2212	111
0.025	4000022	22

2000016
16
0.024	2112	211	-211
0.024	2212	-211	111
0.023	2112	111	111
0.37	2000012	22
0.075	12116	111
0.075	12216	-211
0.075	1214	111
0.075	2124	-211
0.047	2112	111
0.047	2212	-211
0.045	12112	111
0.045	12212	-211
0.04	2112	221
0.015	3212	311
0.015	3112	321
0.005	3122	311

2000015
16
0.024	2112	111	211
0.024	2212	211	-211
0.023	2212	111	111
0.37	2000011	22
0.075	12116	211
0.075	12216	111
0.075	1214	211
0.075	2124	111
0.047	2112	211
0.047	2212	111
0.045	12112	211
0.045	12212	111
0.04	2212	221
0.015	3212	321
0.015	3222	311
0.005	3122	321

2000012
12
0.12	2112	111	111
0.12	2112	211	-211
0.12	2212	-211	111
0.26	2000004	22
0.08	12116	111
0.08	12216	-211
0.06	1214	111
0.06	2124	-211
0.03	2112	221
0.03	2212	-211
0.03	2112	111
0.01	2112	223

2000011
12
0.12	2112	111	211
0.12	2212	211	-211
0.12	2212	111	111
0.26	2000003	22
0.08	12116	211
0.08	12216	111
0.06	1214	211
0.06	2124	111
0.03	2212	221
0.03	2212	111
0.03	2112	211
0.01	2212	223

2000010
9
0.3	2112	221
0.3	2112	223
0.1	3122	311
0.0667	2212	-211
0.0667	3112	321
0.0667	22212	-211
0.0333	2112	111
0.0333	3212	311
0.0333	22112	111

2000009
9
0.3	2212	221
0.3	2212	223
0.1	3122	321
0.0667	2112	211
0.0667	3222	311
0.0667	22112	211
0.0333	2212	111
0.0333	3212	321
0.0333	22212	111

2000008
11
0.36	2000006	22
0.21	2112	221
0.18	3122	311
0.065	3212	311
0.065	3112	321
0.035	2114	111
0.035	2214	-211
0.0125	12112	111
0.0125	12212	-211
0.0125	2112	111
0.0125	2212	-211

2000007
12
0.36	2000005	22
0.21	2212	221
0.18	3122	321
0.065	3222	311
0.065	3212	321
0.023	2114	211
0.023	2214	111
0.023	2224	-211
0.013	12112	211
0.013	12212	111
0.0125	2112	211
0.0125	2212	111

2000006
11
0.188679245	2112	111	111
0.188679245	2112	211	-211
0.188679245	2212	-211	111
0.094339623	2112	221
0.094339623	3212	311
0.094339623	3112	321
0.037735849	22112	111
0.037735849	22212	-211
0.028301887	2112	111
0.028301887	2212	-211
0.018867925	3122	311

2000005
11
0.188679245	2212	211	-211
0.188679245	2212	111	111
0.188679245	2212	211	-211
0.094339623	2212	221
0.094339623	3222	311
0.094339623	3212	321
0.037735849	22112	211
0.037735849	22212	111
0.028301887	2112	211
0.028301887	2212	111
0.018867925	3122	321

2000004
10
0.1333	2112	211	-211
0.0667	2112	111	111
0.25	1114	211
0.2	2112	223
0.1667	2114	111
0.0833	2214	-211
0.0333	2212	-213
0.0333	2212	-211
0.0167	2112	111
0.0167	2112	113

2000003
10
0.1333	2212	211	-211
0.0667	2212	111	111
0.25	2224	-211
0.2	2212	223
0.1667	2214	111
0.0833	2114	211
0.0333	2112	211
0.0333	2112	213
0.0167	2212	111
0.0167	2212	113

2000002
7
0.0034	2112	111	111
0.0033	2112	211	-211
0.0033	2212	111	-211
0.86	21214	22
0.06	2212	-211
0.06	2112	111
0.01	2112	221

2000001
7
0.0034	2112	211	111
0.0033	2212	111	111
0.0033	2212	211	-211
0.86	22124	22
0.06	2112	211
0.06	2212	111
0.01	2212	221

200211
6
0.7	9000215	22
0.1	9010221	211
0.05	10221	211
0.05	9020221	211
0.05	9000211	111
0.05	9000111	211

200111
7
0.7	9000115	22
0.1	9010221	111
0.05	10221	111
0.05	9020221	111
0.034	9000111	111
0.033	-9000211	211
0.033	9000211	-211

100335
3
0.7	337	22
0.15	311	-311
0.15	321	-321

100333
6
0.7	10225	22
0.0625	-321	323
0.0625	-311	313
0.0625	311	-313
0.0625	321	-323
0.05	221	333

100323
7
0.464	20323	22
0.2	313	211
0.2	323	111
0.035	311	213
0.035	321	113
0.033	311	211
0.033	321	111

100313
7
0.464	20313	22
0.2	323	-211
0.2	313	111
0.035	321	-213
0.035	311	113
0.033	321	-211
0.033	311	111

100223
5
0.2	223	211	-211
0.1	223	111	111
0.234	113	111
0.233	-213	211
0.233	213	-211

100221
6
0.1	221	211	-211
0.05	221	111	111
0.7	20223	22
0.05	-9000211	211
0.05	9000111	111
0.05	9000211	-211

100213
3
0.825	223	211
0.125	211	111
0.05	221	213

100211
5
0.1	211	211	-211
0.05	211	111	111
0.7	20213	22
0.075	111	213
0.075	211	113

100113
4
0.825	223	111
0.0825	211	-211
0.05	221	113
0.0425	111	111

100111
6
0.1	111	211	-211
0.05	111	111	111
0.7	20113	22
0.05	-211	213
0.05	111	113
0.05	211	-213

53122
5
0.3	2112	-311
0.3	2212	-321
0.134	3212	111
0.133	3112	211
0.133	3222	-211

43324
3
0.5333	3222	-321
0.2667	3212	-311
0.2	3122	-311

43314
3
0.5333	3112	-311
0.2667	3212	-321
0.2	3122	-321

43122
10
0.595959596	1143	22
0.164141414	2112	-311
0.164141414	2212	-321
0.055555556	3122	221
0.003434343	3212	111
0.003434343	3214	111
0.003333333	3112	211
0.003333333	3114	211
0.003333333	3222	-211
0.003333333	3224	-211

42212
10
0.1	2112	211	111
0.1	2212	111	111
0.1	2212	211	-211
0.17	3122	321
0.15	2224	-211
0.1	2112	211
0.1	2214	111
0.08	2212	221
0.05	2212	111
0.05	2114	211

42112
10
0.094141036	2112	111	111
0.094141036	2112	211	-211
0.094141036	2212	111	-211
0.169453865	3122	311
0.155420419	1114	211
0.112969243	2212	-211
0.103613612	2114	111
0.067828324	2112	221
0.056484622	2112	111
0.051806806	2214	-211

33324
3
0.5	3122	-311
0.333	3312	211
0.167	3322	111

33314
3
0.5	3122	-321
0.333	3322	-211
0.167	3312	111

33122
10
0.238341969	23122	22
0.18134715	3122	221
0.138860104	3212	111
0.137823834	3112	211
0.137823834	3222	-211
0.077720207	2112	-311
0.077720207	2212	-321
0.003523316	3214	111
0.003419689	3114	211
0.003419689	3224	-211

32224
4
0.347363657	2224	111
0.236818285	12212	211
0.231613487	2214	211
0.184204572	2212	211

32214
7
0.308702048	2114	211
0.231639697	2224	-211
0.157859002	12212	111
0.122892384	2212	111
0.078986081	12112	211
0.061333032	2112	211
0.038587756	2214	111

32212
12
0.007050656	2112	211	111
0.007050656	2212	111	111
0.007050656	2212	211	-211
0.511443759	2112	211
0.255776114	2212	111
0.074086127	3122	321
0.068771017	2212	221
0.021151969	2224	-211
0.017680876	12112	211
0.014101312	2214	111
0.008786202	12212	111
0.007050656	2114	211

32124
6
0.4944	2112	213
0.2472	2212	113
0.0957	2112	211
0.0766	3122	321
0.0478	2212	111
0.0383	2212	221

32114
7
0.308702048	2214	-211
0.231639697	1114	211
0.157859002	12112	111
0.122892384	2112	111
0.078986081	12212	-211
0.061333032	2212	-211
0.038587756	2114	111

32112
12
0.007050656	2112	111	111
0.007050656	2112	211	-211
0.007050656	2212	-211	111
0.511443759	2212	-211
0.255776114	2112	111
0.074086127	3122	311
0.068771017	2112	221
0.021151969	1114	211
0.017680876	12212	-211
0.014101312	2114	111
0.008786202	12112	111
0.007050656	2214	-211

31214
6
0.4944	2212	-213
0.2472	2112	113
0.0957	2212	-211
0.0766	3122	311
0.0478	2112	111
0.0383	2112	221

31114
4
0.347363657	1114	111
0.236818285	12112	-211
0.231613487	2114	-211
0.184204572	2112	-211

30323
6
0.258	311	211
0.209	311	213
0.199	313	211
0.129	321	111
0.105	321	113
0.1	323	111

30313
6
0.258	321	-211
0.209	321	-213
0.199	323	-211
0.129	311	111
0.105	311	113
0.1	313	111

30223
5
0.8	10225	22
0.05	221	223
0.05	-213	211
0.05	113	111
0.05	213	-211

30213
7
0.35	211	-211	211	111
0.1125	-213	211	211
0.1125	113	211	111
0.1125	213	111	111
0.1125	213	211	-211
0.15	10215	22
0.05	211	111

30113
7
0.35	211	-211	211	-211
0.15	113	211	-211
0.15	-213	211	111
0.15	213	-211	111
0.15	10115	22
0.033	211	-211
0.017	111	111

23324
9
0.0335	3312	211	111
0.0335	3322	211	-211
0.8	2001048	22
0.0335	3122	-311
0.0335	3222	-321
0.0165	3312	211
0.0165	3322	111
0.0165	3314	211
0.0165	3324	111

23314
9
0.0335	3312	-211	211
0.0335	3322	-211	111
0.8	2001047	22
0.0335	3122	-321
0.0335	3212	-321
0.0165	3322	-211
0.0165	3312	111
0.0165	3314	111
0.0165	3324	-211

23224
4
0.8	2212	-311
0.1	3122	211
0.05	3212	211
0.05	3222	111

23222
5
0.537634408	3222	221
0.376344085	2212	-311
0.032258065	3122	211
0.026881721	3212	211
0.026881721	3222	111

23214
6
0.400040004	2112	-311
0.400040004	2212	-321
0.100010001	3122	111
0.03330333	3112	211
0.03330333	3212	111
0.03330333	3222	-211

23212
7
0.53757487	3212	221
0.188151205	2112	-311
0.188151205	2212	-321
0.032257718	3122	111
0.017955001	3112	211
0.017955001	3212	111
0.017955001	3222	-211

23126
12
0.2	3128	22
0.15	2112	-313
0.15	2212	-323
0.0834	3212	111
0.0833	3112	211
0.0833	3222	-211
0.075	2112	-311
0.075	2212	-321
0.05	3122	223
0.0168	3214	111
0.0166	3224	-211
0.0166	3114	211

23124
11
0.6	3126	22
0.1375	2112	-311
0.1375	2212	-321
0.0218	3212	111
0.0216	3112	211
0.0216	3222	-211
0.015	2112	-313
0.015	2212	-323
0.01	3114	211
0.01	3214	111
0.01	3224	-211

23122
6
0.425	3124	22
0.118	3212	111
0.116	3112	211
0.116	3222	-211
0.1125	2112	-311
0.1125	2212	-321

23114
4
0.8	2112	-321
0.1	3122	-211
0.05	3112	111
0.05	3212	-211

23112
5
0.50942435	3112	221
0.356597045	2112	-321
0.050942435	3112	111
0.050942435	3212	-211
0.032093735	3122	-211

22224
6
0.6	2212	211
0.3	2224	221
0.05	3222	321
0.02	2212	9000211
0.018	2224	111
0.012	2214	211

22222
5
0.36	2224	111
0.24	2214	211
0.2	2212	211
0.1	2224	221
0.1	3222	321

22214
10
0.4	2212	111
0.3	2214	221
0.2	2112	211
0.0333	3212	321
0.0167	3222	311
0.016	2114	211
0.0133	2212	9000111
0.012	2224	-211
0.0067	2112	9000211
0.002	2214	111

22212
9
0.005625133	2112	211	111
0.005625133	2212	111	111
0.005625133	2212	211	-211
0.474846105	2212	221
0.335172999	2112	211
0.1675865	2212	111
0.002759499	2224	-211
0.001910422	2214	111
0.000849077	2114	211

22124
6
0.295570443	2112	211	111
0.295570443	2212	111	111
0.295570443	2212	211	-211
0.065693431	2112	211
0.03279672	2212	111
0.01479852	3122	321

22122
8
0.32	2114	211
0.24	2224	-211
0.1333	2212	111
0.1	2214	221
0.0667	2112	211
0.0667	3212	321
0.04	2214	111
0.0333	3222	311

22114
10
0.4	2112	111
0.3	2114	221
0.2	2212	-211
0.0333	3212	311
0.0167	3112	321
0.016	2214	-211
0.0133	2112	9000111
0.012	1114	211
0.0067	2212	-9000211
0.002	2114	111

22112
9
0.005625133	2112	111	111
0.005625133	2112	211	-211
0.005625133	2212	-211	111
0.474846105	2112	221
0.335172999	2212	-211
0.1675865	2112	111
0.002759499	1114	211
0.001910422	2114	111
0.000849077	2214	-211

21214
6
0.295570443	2112	111	111
0.295570443	2112	211	-211
0.295570443	2212	111	-211
0.065693431	2212	-211
0.03279672	2112	111
0.01479852	3122	311

21212
8
0.32	2214	-211
0.24	1114	211
0.1333	2112	111
0.1	2114	221
0.0667	2212	-211
0.0667	3212	311
0.04	2114	111
0.0333	3112	321

21114
6
0.6	2112	-211
0.3	1114	221
0.05	3112	311
0.02	2112	-9000211
0.018	1114	111
0.012	2114	-211

21112
5
0.36	1114	111
0.24	2114	-211
0.2	2112	-211
0.1	1114	221
0.1	3112	311

20333
6
0.65	2001069	22
0.075	-321	323
0.075	-311	313
0.075	311	-313
0.075	321	-323
0.05	333	22

20325
10
0.002	321	211	-211
0.002	311	211	111
0.002	321	111	111
0.9	9000323	22
0.023	321	225
0.023	321	223
0.012	315	211
0.012	325	111
0.012	313	211
0.012	323	111

20323
5
0.639795918	313	211
0.319387755	323	111
0.020408163	311	213
0.010204082	321	113
0.010204082	321	223

20315
10
0.002	311	-211	211
0.002	321	-211	111
0.002	311	111	111
0.9	9000313	22
0.023	311	225
0.023	311	223
0.012	315	111
0.012	325	-211
0.012	313	111
0.012	323	-211

20313
5
0.639795918	323	-211
0.319387755	313	111
0.020408163	321	-213
0.010204082	311	113
0.010204082	311	223

20223
11
0.21	111	111	211	-211
0.27	221	211	-211
0.11	211	-211	113
0.02	311	-321	211
0.02	311	-311	111
0.02	321	-321	111
0.02	321	-311	-211
0.1	-9000211	211
0.1	9000111	111
0.1	9000211	-211
0.03	113

20213
2
0.3	211	111	111
0.7	9000211	22

20113
2
0.3	111	111	111
0.7	9000111	22

13334
2
0.2	3312	-321	211
0.8	3334	22

13324
7
0.8	23324	22
0.14	3122	-311
0.02	3222	-321
0.01	3312	211
0.01	3322	111
0.01	3314	211
0.01	3324	111

13314
7
0.8	23314	22
0.14	3122	-321
0.02	3212	-321
0.01	3322	-211
0.01	3312	111
0.01	3324	-211
0.01	3314	111

13226
6
0.7	2212	-311
0.1	3214	211
0.1	3224	111
0.05	3122	211
0.025	3212	211
0.025	3222	111

13224
4
0.3462	3212	211
0.3462	3222	111
0.1538	2212	-311
0.1538	3122	211

13222
4
0.8	2212	-311
0.1	3122	211
0.05	3212	211
0.05	3222	111

13216
9
0.349930013	2112	-311
0.349930013	2212	-321
0.066686663	3114	211
0.066686663	3214	111
0.066686663	3224	-211
0.049990002	3124	111
0.016696661	3112	211
0.016696661	3212	111
0.016696661	3222	-211

13214
5
0.3462	3112	211
0.3462	3222	-211
0.1538	3122	111
0.0769	2112	-311
0.0769	2212	-321

13212
6
0.400040004	2112	-311
0.400040004	2212	-321
0.100010001	3122	111
0.03330333	3112	211
0.03330333	3212	111
0.03330333	3222	-211

13126
9
0.235	3126	22
0.184	3212	111
0.183	3112	211
0.183	3222	-211
0.05	3114	211
0.05	3214	111
0.05	3224	-211
0.0325	2112	-311
0.0325	2212	-321

13124
11
0.125	3122	111	111
0.125	3122	211	-211
0.05	3112	211	111
0.05	3212	111	111
0.05	3212	211	-211
0.05	3222	-211	111
0.125	2112	-311
0.125	2212	-321
0.1	3112	211
0.1	3212	111
0.1	3222	-211

13122
3
0.334	3212	111
0.333	3112	211
0.333	3222	-211

13116
6
0.7	2112	-321
0.1	3114	111
0.1	3214	-211
0.05	3124	-211
0.025	3112	111
0.025	3212	-211

13114
4
0.3462	3112	111
0.3462	3212	-211
0.1538	2112	-321
0.1538	3122	-211

13112
4
0.8	2112	-321
0.1	3122	-211
0.05	3112	111
0.05	3212	-211

12226
2
0.7	2212	211
0.3	3222	321

12224
3
0.42	2224	111
0.3	2212	211
0.28	2214	211

12216
8
0.047645307	2112	211	111
0.047645307	2212	111	111
0.047645307	2212	211	-211
0.495202382	2112	211
0.247601191	2212	111
0.057130253	2224	-211
0.038050072	2214	111
0.019080181	2114	211

12214
5
0.4	2114	211
0.300000001	2224	-211
0.166666667	2212	111
0.083333333	2112	211
0.05	2214	111

12212
8
0.025608994	2112	211	111
0.025608994	2212	111	111
0.025608994	2212	211	-211
0.444409744	2112	211
0.222256923	2212	111
0.128253175	2224	-211
0.085467416	2214	111
0.042785759	2114	211

12126
4
0.4667	2212	111
0.2333	2112	211
0.2	3212	321
0.1	3222	311

12116
8
0.047645307	2112	111	111
0.047645307	2112	211	-211
0.047645307	2212	111	-211
0.495202382	2212	-211
0.247601191	2112	111
0.057130253	1114	211
0.038050072	2114	111
0.019080181	2214	-211

12114
5
0.4	2214	-211
0.300000001	1114	211
0.166666667	2112	111
0.083333333	2212	-211
0.05	2114	111

12112
8
0.025608994	2112	111	111
0.025608994	2112	211	-211
0.025608994	2212	111	-211
0.444409744	2212	-211
0.222256923	2112	111
0.128253175	1114	211
0.085467416	2114	111
0.042785759	2214	-211

11216
4
0.4667	2112	111
0.2333	2212	-211
0.2	3212	311
0.1	3112	321

11116
2
0.7	2112	-211
0.3	3112	311

11114
3
0.42	1114	111
0.3	2112	-211
0.28	2114	-211

10333
3
0.823529412	10221	22
0.088235294	-323	321
0.088235294	323	-321

10331
6
0.4	100333	22
0.15	221	221
0.15	311	-311
0.15	321	-321
0.1	211	-211
0.05	111	111

10325
5
0.8	9000323	22
0.08	315	211
0.08	325	111
0.02	321	333
0.02	321	223

10323
4
0.362068966	321	113
0.362068966	311	213
0.137931034	313	211
0.137931034	323	111

10321
3
0.62	311	211
0.31	321	111
0.07	321	221

10315
5
0.8	9000313	22
0.08	325	-211
0.08	315	111
0.02	311	333
0.02	311	223

10313
4
0.362068966	321	-213
0.362068966	311	113
0.137931034	313	111
0.137931034	323	-211

10311
3
0.62	321	-211
0.31	311	111
0.07	311	221

10225
4
0.8	2000060	22
0.068	115	111
0.066	-215	211
0.066	215	-211

10223
4
0.900000001	9010221	22
0.033333333	-213	211
0.033333333	113	111
0.033333333	213	-211

10221
4
0.3325	211	-211
0.25	311	-311
0.25	321	-321
0.1675	111	111

10215
5
0.64	211	211	-211
0.32	211	111	111
0.015	213	223
0.0125	321	-313
0.0125	323	-311

10213
2
0.210526316	211	211	111	-211
0.789473684	223	211

10211
3
0.75	4000001	22
0.15	221	211
0.1	321	-311

10115
7
0.6399	-211	211	111
0.3199	111	111	111
0.015	113	223
0.0063	-321	323
0.0063	-311	313
0.0063	311	-313
0.0063	321	-323

10113
2
0.210526316	211	211	-211	-211
0.789473684	223	111

10111
4
0.15	221	111
0.75	4000000	22
0.05	-321	321
0.05	-311	311

3324
2
0.6667	3312	211
0.3333	3322	111

3314
2
0.6667	3322	-211
0.3333	3312	111

3228
11
0.219821982	2212	-311
0.219821982	3122	211
0.164816482	3124	211
0.123612361	2224	-321
0.054905491	3214	211
0.054905491	3224	111
0.04120412	2214	-311
0.04120412	3212	211
0.04120412	3222	111
0.02750275	2212	-313
0.0110011	3322	321

3226
7
0.442088418	2212	-311
0.221044209	3124	211
0.187837568	3122	211
0.055211042	3214	211
0.055211042	3224	111
0.019303861	3212	211
0.019303861	3222	111

3224
3
0.88	3122	211
0.06	3212	211
0.06	3222	111

3218
14
0.219843969	3122	111
0.164832967	3124	111
0.109921984	2112	-311
0.109921984	2212	-321
0.082416483	2114	-311
0.082416483	2214	-321
0.054910982	3114	211
0.054910982	3224	-211
0.041208242	3112	211
0.041208242	3222	-211
0.013702741	2112	-313
0.013702741	2212	-323
0.0055011	3312	321
0.0055011	3322	311

3216
8
0.221044209	2112	-311
0.221044209	2212	-321
0.221044209	3124	111
0.187837568	3122	111
0.055211042	3114	211
0.055211042	3224	-211
0.019303861	3112	211
0.019303861	3222	-211

3214
4
0.88	3122	111
0.04	3112	211
0.04	3212	111
0.04	3222	-211

3212
1
1	3122	22

3128
12
0.36	2001057	22
0.15	2112	-311
0.15	2212	-321
0.08	3122	223
0.075	2112	-313
0.075	2212	-323
0.03	3122	221
0.0168	3212	111
0.0166	3112	211
0.0166	3222	-211
0.015	3312	321
0.015	3322	311

3126
9
0.309278351	2112	-311
0.309278351	2212	-321
0.216494845	3124	22
0.037938144	3212	111
0.037731959	3112	211
0.037731959	3222	-211
0.017319588	3214	111
0.017113402	3114	211
0.017113402	3224	-211

3124
11
0.05	3122	111	111
0.05	3122	211	-211
0.005	3112	211	111
0.005	3212	111	111
0.005	3212	211	-211
0.005	3222	-211	111
0.23	2112	-311
0.23	2212	-321
0.14	3112	211
0.14	3212	111
0.14	3222	-211

3118
11
0.219821982	2112	-321
0.219821982	3122	-211
0.164816482	3124	-211
0.123612361	1114	-311
0.054905491	3114	111
0.054905491	3214	-211
0.04120412	2114	-321
0.04120412	3112	111
0.04120412	3212	-211
0.02750275	2112	-323
0.0110011	3312	311

3116
7
0.442088418	2112	-321
0.221044209	3124	-211
0.187837568	3122	-211
0.055211042	3114	111
0.055211042	3214	-211
0.019303861	3112	111
0.019303861	3212	-211

3114
3
0.88	3122	-211
0.06	3112	111
0.06	3212	-211

2248
4
0.9	11114	22
0.034	12112	-211
0.033	2112	-211
0.033	3112	311

2247
7
0.9	12214	22
0.017	12112	211
0.017	12212	111
0.0165	2112	211
0.0165	2212	111
0.0165	3222	311
0.0165	3212	321

2246
4
0.9	12224	22
0.034	12212	211
0.033	2212	211
0.033	3222	321

2245
7
0.9	12114	22
0.017	12112	111
0.017	12212	-211
0.0165	2112	111
0.0165	2212	-211
0.0165	3212	311
0.0165	3112	321

2244
2
0.92	21114	22
0.08	2112	-211

2243
3
0.92	22214	22
0.04	2212	111
0.04	2112	211

2242
2
0.92	22224	22
0.08	2212	211

2241
3
0.92	22114	22
0.04	2112	111
0.04	2212	-211

2240
2
0.945	1141	22
0.055	2112	-211

2239
3
0.945	1139	22
0.0275	2212	111
0.0275	2112	211

2238
2
0.945	1138	22
0.055	2212	211

2237
3
0.945	1140	22
0.0275	2112	111
0.0275	2212	-211

2236
2
0.84	1141	22
0.16	2112	-211

2235
3
0.84	1139	22
0.08	2212	111
0.08	2112	211

2234
2
0.84	1138	22
0.16	2212	211

2233
3
0.84	1140	22
0.08	2112	111
0.08	2212	-211

2232
2
0.925	2236	22
0.075	2112	-211

2231
3
0.925	2235	22
0.0375	2212	111
0.0375	2112	211

2230
2
0.925	2234	22
0.075	2212	211

2229
3
0.925	2233	22
0.0375	2112	111
0.0375	2212	-211

2228
4
0.5556	2212	211
0.2222	2224	111
0.1481	2214	211
0.0741	2212	213

2226
4
0.42	2224	111
0.28	2214	211
0.2	2212	213
0.1	2212	211

2224
1
1	2212	211

2222
3
0.385749386	2224	111
0.357125307	2212	211
0.257125307	2214	211

2218
7
0.370437044	2212	111
0.197519752	2114	211
0.185218522	2112	211
0.148114811	2224	-211
0.04930493	2212	113
0.02470247	2112	213
0.02470247	2214	111

2216
6
0.298521163	2112	211
0.2736359	2224	-211
0.182355941	2214	111
0.149209587	2212	111
0.091279959	2114	211
0.00499745	3122	321

2214
2
0.6667	2212	111
0.3333	2112	211

2128
8
0.17	2112	211	111
0.17	2212	-211	211
0.17	2212	111	111
0.334	2000011	22
0.075	2112	211
0.075	2212	111
0.005	3122	321
0.001	2212	221

2126
7
0.3733	2114	211
0.28	2224	-211
0.1333	2212	113
0.0667	2112	213
0.0667	2212	111
0.0467	2214	111
0.0333	2112	211

2124
8
0.016796189	2112	211	111
0.016796189	2212	111	111
0.016796189	2212	211	-211
0.464276761	2112	211
0.232138381	2212	111
0.126598145	2224	-211
0.084482327	2214	111
0.042115818	2114	211

2122
5
0.342874693	2114	211
0.257125307	2224	-211
0.238083538	2212	111
0.119041769	2112	211
0.042874692	2214	111

2118
7
0.370437044	2112	111
0.197519752	2214	-211
0.185218522	2212	-211
0.148114811	1114	211
0.04930493	2112	113
0.02470247	2114	111
0.02470247	2212	-213

2116
6
0.298521163	2212	-211
0.2736359	1114	211
0.182355941	2114	111
0.149209587	2112	111
0.091279959	2214	-211
0.00499745	3122	311

2114
2
0.6667	2112	111
0.3333	2212	-211

1218
8
0.17	2112	111	111
0.17	2112	211	-211
0.17	2212	-211	111
0.334	2000012	22
0.075	2112	111
0.075	2212	-211
0.005	3122	311
0.001	2112	221

1216
7
0.3733	2214	-211
0.28	1114	211
0.1333	2112	113
0.0667	2112	111
0.0667	2212	-213
0.0467	2114	111
0.0333	2212	-211

1214
8
0.016796189	2112	111	111
0.016796189	2112	211	-211
0.016796189	2212	111	-211
0.464276761	2212	-211
0.232138381	2112	111
0.126598145	1114	211
0.084482327	2114	111
0.042115818	2214	-211

1212
5
0.342874693	2214	-211
0.257125307	1114	211
0.238083538	2112	111
0.119041769	2212	-211
0.042874692	2114	111

1145
4
0.9	23126	22
0.05	3122	223
0.025	2112	-311
0.025	2212	-321

1144
11
0.4	3126	22
0.115	2112	-313
0.115	2212	-323
0.095	2112	-311
0.095	2212	-321
0.04	3114	211
0.04	3214	111
0.04	3224	-211
0.02	3112	211
0.02	3212	111
0.02	3222	-211

1143
9
0.252941176	2112	-311
0.252941176	2212	-321
0.082352941	3112	211
0.082352941	3212	111
0.082352941	3222	-211
0.08	3214	111
0.077647059	3114	211
0.077647059	3224	-211
0.011764706	13124	22

1142
4
0.57	23124	22
0.16	3122	221
0.135	2112	-311
0.135	2212	-321

1141
5
0.9	11116	22
0.07	2112	-211
0.02	2112	-213
0.005	2114	-211
0.005	1114	111

1140
8
0.9	11216	22
0.035	2112	111
0.035	2212	-211
0.01	2112	22
0.005	2114	111
0.005	2214	-211
0.005	2112	113
0.005	2212	-213

1139
8
0.9	12126	22
0.035	2112	211
0.035	2212	111
0.0068	2214	111
0.0066	2114	211
0.0066	2224	-211
0.005	2112	213
0.005	2212	113

1138
5
0.9	12226	22
0.07	2212	211
0.02	2212	213
0.005	2214	211
0.005	2224	111

1137
7
0.476	11116	22
0.4	2112	-211
0.06	12116	-211
0.025	2114	-211
0.025	1114	111
0.01	1114	221
0.004	3112	311

1136
10
0.476	11216	22
0.2	2112	111
0.2	2212	-211
0.03	12116	111
0.03	12216	-211
0.025	2114	111
0.025	2214	-211
0.01	2114	221
0.002	3212	311
0.002	3112	321

1135
11
0.476	12126	22
0.2	2112	211
0.2	2212	111
0.03	12116	211
0.03	12216	111
0.017	2114	211
0.017	2224	-211
0.016	2214	111
0.01	2214	221
0.002	3222	311
0.002	3212	321

1134
7
0.476	12226	22
0.4	2212	211
0.06	12216	211
0.025	2214	211
0.025	2224	111
0.01	2224	221
0.004	3222	321

1133
6
0.325	2112	111	-211
0.325	2212	-211	-211
0.2	12112	-211
0.08	2112	-211
0.06	1214	-211
0.01	1114	221

1132
10
0.218	2112	111	111
0.216	2112	211	-211
0.216	2212	-211	111
0.1	12112	111
0.1	12212	-211
0.04	2112	111
0.04	2212	-211
0.03	1214	111
0.03	2124	-211
0.01	2114	221

1131
10
0.218	2212	111	111
0.216	2112	111	211
0.216	2212	-211	211
0.1	12112	211
0.1	12212	111
0.04	2112	211
0.04	2212	111
0.03	1214	211
0.03	2124	111
0.01	2214	221

1130
6
0.325	2112	211	211
0.325	2212	211	111
0.2	12212	211
0.08	2212	211
0.06	2124	211
0.01	2224	221

1118
4
0.5556	2112	-211
0.2222	1114	111
0.1481	2114	-211
0.0741	2112	-213

1116
4
0.42	1114	111
0.28	2114	-211
0.2	2112	-213
0.1	2112	-211

1114
1
1	2112	-211

1112
3
0.385749386	1114	111
0.357125307	2112	-211
0.257125307	2114	-211

911
6
0.78	3128	22
0.06	2112	-311
0.06	2212	-321
0.0334	3212	111
0.0333	3112	211
0.0333	3222	-211

910
2
0.9	2001026	22
0.1	2112	-211

337
7
0.8	9030225	22
0.05	311	-311
0.05	321	-321
0.025	-321	323
0.025	-311	313
0.025	311	-313
0.025	321	-323

335
4
0.445	311	-311
0.445	321	-321
0.1	221	221
0.01	2001073	22

333
8
0.09	211	-211	111
0.49	321	-321
0.34	311	-311
0.02	213	-211
0.02	113	111
0.02	-213	211
0.01	221	22
0.01	223	22

331
4
0.453	211	-211	221
0.214	111	111	221
0.302	113	22
0.031	223	22

329
19
0.042871386	313	211	111	111
0.042871386	313	211	211	-211
0.042871386	323	111	111	111
0.042871386	323	211	-211	111
0.081754736	223	211	311
0.073778664	313	211	111
0.073778664	323	111	111
0.073778664	323	211	-211
0.045862413	333	311	211
0.040877368	223	111	321
0.027916251	-213	321	211
0.027916251	113	311	211
0.027916251	113	321	111
0.027916251	213	311	111
0.027916251	213	321	-211
0.022931206	333	321	111
0.161515454	211	311
0.080757727	111	321
0.033898305	333	323

327
9
0.278	321	221
0.192	311	213
0.124	313	211
0.116	311	211
0.096	321	113
0.062	323	111
0.058	321	111
0.049	315	211
0.025	325	111

325
10
0.059250391	323	211	-211
0.044561824	313	211	111
0.03961051	323	111	111
0.330747757	311	211
0.165373879	321	111
0.163393353	313	211
0.082191808	323	111
0.057435239	311	213
0.02871762	321	113
0.02871762	321	223

323
2
0.667	311	211
0.333	321	111

319
17
0.042828685	313	111	111	111
0.042828685	313	211	-211	111
0.042828685	323	-211	111	111
0.042828685	323	-211	211	-211
0.081673307	223	321	-211
0.073705179	313	111	111
0.073705179	313	211	-211
0.073705179	323	-211	111
0.046812749	113	311	111
0.046812749	113	321	-211
0.046812749	213	311	-211
0.045816733	333	321	-211
0.040836653	223	311	111
0.022908367	333	311	111
0.161354582	321	-211
0.080677291	311	111
0.033864542	333	313

317
9
0.278	311	221
0.192	321	-213
0.124	323	-211
0.116	321	-211
0.096	311	113
0.062	313	111
0.058	311	111
0.049	325	-211
0.025	315	111

315
10
0.059250391	313	211	-211
0.044561824	323	-211	111
0.03961051	313	111	111
0.330747757	321	-211
0.165373879	311	111
0.163393353	323	-211
0.082191808	313	111
0.057435239	321	-213
0.02871762	311	113
0.02871762	311	223

313
2
0.667	321	-211
0.333	311	111

229
4
0.02	111	111	111	111
0.8	337	22
0.12	211	-211
0.06	111	111

227
7
0.7	10225	22
0.068	113	111
0.066	-213	211
0.066	213	-211
0.034	10113	111
0.033	-10213	211
0.033	10213	-211

225
6
0.08	211	-211	111	111
0.03	211	-211	211	-211
0.56	211	-211
0.28	111	111
0.025	311	-311
0.025	321	-321

223
3
0.8959	211	-211	111
0.0871	111	22
0.017	211	-211

221
3
0.55	111	111	111
0.38	211	-211	111
0.07	211	-211	22

219
7
0.048	211	-211	211
0.024	211	111	111
0.7	9000217	22
0.071	221	211
0.071	321	-311
0.071	331	211
0.015	223	213

217
7
0.7	211	211	-211	111
0.01	311	-311	211
0.01	321	-321	211
0.01	321	-311	111
0.24	211	111
0.02	321	-311
0.01	223	211

215
5
0.1	223	211	111
0.467	211	113
0.233	111	213
0.15	221	211
0.05	321	-311

213
1
1	211	111

119
7
0.071	211	-211	111
0.7	9000117	22
0.071	221	111
0.071	331	111
0.036	311	-311
0.036	321	-321
0.015	223	113

117
10
0.7	111	211	-211	111
0.0075	311	-321	211
0.0075	311	-311	111
0.0075	321	-321	111
0.0075	321	-311	-211
0.16	211	-211
0.08	111	111
0.01	311	-311
0.01	321	-321
0.01	223	111

115
7
0.1	223	111	111
0.234	111	113
0.233	211	-213
0.233	-211	213
0.15	221	111
0.025	-321	321
0.025	-311	311

113
1
1	211	-211
